ts,loss,acc,val_loss,val_acc
1571330143,0.250038474798,0.47,0.244435310364,0.57
1571330143,0.260908484459,0.46,0.249500274658,0.52
1571330143,0.253305017948,0.43,0.250211745501,0.41
1571330143,0.250248849392,0.46,0.250606149435,0.45
1571330144,0.249125272036,0.59,0.250197142363,0.51
1571330144,0.250853866339,0.49,0.250378131866,0.49
1571330144,0.249356374145,0.53,0.250820964575,0.48
1571330144,0.250110417604,0.51,0.251999348402,0.44
1571330144,0.249704495072,0.51,0.249841868877,0.5
1571330144,0.251052320004,0.46,0.249622404575,0.52
1571330144,0.250766843557,0.42,0.249736279249,0.55
1571330145,0.250188499689,0.44,0.250774502754,0.47
1571330145,0.249553084373,0.5,0.249243810773,0.54
1571330145,0.246591329575,0.67,0.251587063074,0.47
1571330145,0.248555883765,0.53,0.247065976262,0.55
1571330145,0.252024412155,0.48,0.249632820487,0.51
1571330145,0.250154614449,0.49,0.237143799663,0.67
1571330146,0.246031820774,0.55,0.250889033079,0.5
1571330146,0.245398506522,0.57,0.252472519875,0.51
1571330146,0.247899457812,0.54,0.242413893342,0.59
1571330146,0.250317722559,0.52,0.248860225081,0.52
1571330146,0.258091390133,0.43,0.251580715179,0.49
1571330146,0.250616818666,0.49,0.245364293456,0.61
1571330146,0.248768359423,0.54,0.24916768074,0.54
1571330147,0.250953435898,0.44,0.249840185046,0.5
1571330147,0.247897610068,0.59,0.248064666986,0.58
1571330147,0.251187294722,0.44,0.250681638718,0.47
1571330147,0.247139260173,0.56,0.25175729394,0.47
1571330147,0.251343458891,0.47,0.25521877408,0.43
1571330147,0.243727743626,0.62,0.246916040778,0.58
1571330147,0.251383990049,0.48,0.249559506774,0.49
1571330148,0.252021789551,0.48,0.249863862991,0.5
1571330148,0.252855151892,0.47,0.249515250325,0.51
1571330148,0.246491253376,0.55,0.249328866601,0.53
1571330148,0.245813891292,0.56,0.250487864017,0.51
1571330148,0.249617874622,0.47,0.251451402903,0.47
1571330148,0.247884228826,0.51,0.252742260695,0.37
1571330148,0.252121388912,0.42,0.252464950085,0.42
1571330149,0.245092570782,0.56,0.251864403486,0.48
1571330149,0.244715467095,0.56,0.244799017906,0.56
1571330149,0.251435309649,0.48,0.252653807402,0.59
1571330149,0.241665571928,0.6,0.249792709947,0.55
1571330149,0.24920617044,0.49,0.250233381987,0.49
1571330149,0.246711611748,0.54,0.237617120147,0.6
1571330149,0.246076717973,0.53,0.2510407269,0.56
1571330150,0.238814070821,0.6,0.249114155769,0.55
1571330150,0.252188265324,0.46,0.237295538187,0.61
1571330150,0.248566746712,0.48,0.236314296722,0.62
1571330150,0.24124802649,0.59,0.254596531391,0.49
1571330150,0.242396995425,0.57,0.250064253807,0.49
1571330150,0.256518572569,0.46,0.248257368803,0.5
1571330151,0.250702053308,0.53,0.239857271314,0.56
1571330151,0.23595456779,0.63,0.243681311607,0.59
1571330151,0.23646312952,0.57,0.256618946791,0.54
1571330151,0.239344745874,0.52,0.250774234533,0.56
1571330151,0.23984208703,0.63,0.244907483459,0.57
1571330151,0.245182216167,0.6,0.257488876581,0.54
1571330151,0.250679165125,0.57,0.243656128645,0.58
1571330152,0.239730194211,0.53,0.252278268337,0.59
1571330152,0.252232581377,0.52,0.255642026663,0.48
1571330152,0.253523170948,0.54,0.250618696213,0.61
1571330152,0.243572816253,0.64,0.244940578938,0.54
1571330152,0.242386639118,0.57,0.241946622729,0.55
1571330152,0.245554342866,0.53,0.247078642249,0.52
1571330153,0.249572843313,0.49,0.244143337011,0.56
1571330153,0.249952822924,0.49,0.248380497098,0.54
1571330154,0.245161950588,0.56,0.247133225203,0.54
1571330154,0.235895887017,0.63,0.25951191783,0.46
1571330154,0.2277918607,0.66,0.278050452471,0.48
1571330154,0.27991104126,0.48,0.269297450781,0.45
1571330154,0.259704619646,0.53,0.255823850632,0.47
1571330154,0.246312171221,0.53,0.244803756475,0.56
1571330154,0.243636503816,0.61,0.244094833732,0.61
1571330155,0.240769281983,0.57,0.249426186085,0.47
1571330155,0.254297405481,0.47,0.251462936401,0.49
1571330155,0.248307198286,0.51,0.238707020879,0.56
1571330155,0.24792316556,0.47,0.245134010911,0.53
1571330155,0.244508042932,0.55,0.244366839528,0.58
1571330155,0.246856987476,0.54,0.241638183594,0.63
1571330155,0.248456373811,0.57,0.242993161082,0.64
1571330156,0.243701383471,0.52,0.236650928855,0.67
1571330156,0.244419872761,0.58,0.237700819969,0.58
1571330156,0.250324368477,0.53,0.24653083086,0.54
1571330156,0.240700945258,0.64,0.246082380414,0.58
1571330156,0.238345608115,0.54,0.247617676854,0.59
1571330156,0.242281362414,0.62,0.255644202232,0.58
1571330157,0.244686454535,0.57,0.249693706632,0.6
1571330157,0.239580437541,0.62,0.242390021682,0.62
1571330157,0.254175424576,0.6,0.247688770294,0.57
1571330157,0.244234055281,0.52,0.23511838913,0.6
1571330157,0.251325905323,0.49,0.233241155744,0.61
1571330157,0.243387237191,0.51,0.240777507424,0.56
1571330157,0.242463126779,0.61,0.244806274772,0.51
1571330158,0.245840117335,0.53,0.252306193113,0.56
1571330158,0.235641255975,0.64,0.246084392071,0.56
1571330158,0.228606373072,0.68,0.243827208877,0.54
1571330158,0.259908616543,0.52,0.242740020156,0.6
1571330158,0.24076461792,0.66,0.218728244305,0.68
1571330158,0.237327054143,0.56,0.247695147991,0.55
1571330159,0.245113238692,0.57,0.233100250363,0.64
1571330159,0.239249914885,0.64,0.234565988183,0.58
1571330159,0.266865223646,0.5,0.234705165029,0.56
1571330159,0.24748814106,0.56,0.231361553073,0.6
1571330159,0.253133386374,0.53,0.220985487103,0.72
1571330159,0.232770085335,0.6,0.244967758656,0.55
1571330160,0.235759600997,0.61,0.234995171428,0.62
1571330160,0.243412226439,0.63,0.248714119196,0.55
1571330160,0.246107891202,0.54,0.243478760123,0.61
1571330160,0.235267609358,0.64,0.248926907778,0.51
1571330160,0.25128030777,0.48,0.244544684887,0.56
1571330160,0.235691785812,0.58,0.257438123226,0.46
1571330160,0.257851302624,0.53,0.243853121996,0.57
1571330161,0.243388488889,0.55,0.24217697978,0.55
1571330161,0.266182392836,0.38,0.239607587457,0.63
1571330161,0.231997907162,0.64,0.244079783559,0.6
1571330161,0.234644278884,0.65,0.229535549879,0.66
1571330161,0.234298869967,0.61,0.233517855406,0.63
1571330161,0.236415117979,0.63,0.248312741518,0.51
1571330161,0.25594073534,0.48,0.238847628236,0.59
1571330162,0.255777478218,0.52,0.239015325904,0.6
1571330162,0.237749695778,0.6,0.23230715096,0.58
1571330162,0.233828350902,0.66,0.238067105412,0.56
1571330162,0.236940145493,0.6,0.237326279283,0.58
1571330162,0.250013232231,0.54,0.250682324171,0.52
1571330162,0.235956892371,0.55,0.256537497044,0.52
1571330163,0.240888118744,0.61,0.253388643265,0.52
1571330163,0.241371229291,0.57,0.245777994394,0.6
1571330163,0.242368429899,0.56,0.232730194926,0.61
1571330163,0.239886805415,0.55,0.23297354579,0.63
1571330163,0.239534020424,0.57,0.24302072823,0.62
1571330163,0.223864018917,0.7,0.234733253717,0.64
1571330163,0.232453271747,0.63,0.233301982284,0.64
1571330164,0.230921640992,0.62,0.243265122175,0.58
1571330164,0.226442322135,0.63,0.251670986414,0.55
1571330164,0.247138738632,0.52,0.251337885857,0.58
1571330164,0.269025683403,0.47,0.245253533125,0.58
1571330164,0.23136074841,0.6,0.239954143763,0.61
1571330164,0.240802004933,0.57,0.244419291615,0.56
1571330164,0.229415088892,0.68,0.247555822134,0.52
1571330165,0.249688729644,0.52,0.244782835245,0.59
1571330165,0.238249227405,0.57,0.234533190727,0.61
1571330165,0.259603321552,0.53,0.247696012259,0.53
1571330165,0.236718192697,0.59,0.256655722857,0.51
1571330165,0.239827156067,0.57,0.246639356017,0.57
1571330165,0.266322553158,0.46,0.244612947106,0.52
1571330165,0.236641228199,0.58,0.234323963523,0.61
1571330166,0.24580848217,0.52,0.235947683454,0.59
1571330166,0.252165347338,0.54,0.23993191123,0.64
1571330166,0.234770938754,0.64,0.2411377877,0.64
1571330166,0.233177274466,0.66,0.234866589308,0.65
1571330166,0.241289138794,0.61,0.241435408592,0.58
1571330166,0.237448975444,0.57,0.242854237556,0.56
1571330167,0.236020728946,0.62,0.243849933147,0.55
1571330167,0.253694951534,0.53,0.24344393611,0.56
1571330167,0.243558466434,0.56,0.243096426129,0.54
1571330167,0.230313405395,0.61,0.239943265915,0.62
1571330167,0.237680464983,0.57,0.23963919282,0.61
1571330167,0.227814093232,0.65,0.241687640548,0.55
1571330167,0.24289059639,0.54,0.241183459759,0.58
1571330168,0.241958156228,0.59,0.244447007775,0.52
1571330168,0.23694562912,0.66,0.237444296479,0.6
1571330168,0.230767637491,0.65,0.236668884754,0.63
1571330168,0.248997762799,0.56,0.231188848615,0.65
1571330168,0.256918638945,0.51,0.237681508064,0.61
1571330168,0.233360394835,0.62,0.24375115335,0.54
1571330169,0.23363623023,0.59,0.229589015245,0.61
1571330169,0.256732672453,0.52,0.230973482132,0.66
1571330169,0.242219224572,0.51,0.230399221182,0.61
1571330169,0.230119779706,0.62,0.246353417635,0.57
1571330169,0.236429929733,0.65,0.228917762637,0.62
1571330169,0.238522902131,0.54,0.242047727108,0.58
1571330169,0.239381164312,0.6,0.23105430603,0.63
1571330169,0.22313298285,0.67,0.221775844693,0.62
1571330170,0.240832254291,0.6,0.236697271466,0.61
1571330170,0.24006652832,0.58,0.22922180593,0.63
1571330170,0.235580071807,0.63,0.23355358839,0.58
1571330170,0.220591887832,0.64,0.224128991365,0.64
1571330170,0.237000793219,0.6,0.24816583097,0.52
1571330170,0.233484387398,0.6,0.234063640237,0.64
1571330170,0.20540073514,0.74,0.24051040411,0.56
1571330171,0.217883139849,0.66,0.227518811822,0.58
1571330171,0.227018818259,0.64,0.247663497925,0.58
1571330171,0.227700293064,0.63,0.241320371628,0.61
1571330171,0.218035370111,0.63,0.26309671998,0.53
1571330171,0.224439039826,0.59,0.197918951511,0.74
1571330171,0.237563103437,0.59,0.215787529945,0.66
1571330172,0.243674308062,0.57,0.239170923829,0.63
1571330172,0.248938068748,0.6,0.24458566308,0.59
1571330172,0.210410833359,0.7,0.23586948216,0.6
1571330172,0.19442166388,0.71,0.248283296824,0.6
1571330172,0.232448324561,0.64,0.233270555735,0.59
1571330172,0.263817489147,0.55,0.226730108261,0.62
1571330172,0.213506340981,0.7,0.23757584393,0.61
1571330173,0.25073119998,0.53,0.224124759436,0.65
1571330173,0.212412253022,0.72,0.217717811465,0.64
1571330173,0.210277289152,0.73,0.226730182767,0.63
1571330173,0.235001280904,0.57,0.233809396625,0.67
1571330173,0.211756139994,0.63,0.231487333775,0.63
1571330173,0.242088541389,0.55,0.238340467215,0.57
1571330173,0.244009062648,0.62,0.238575577736,0.58
1571330174,0.197448939085,0.74,0.204856321216,0.71
1571330174,0.226238265634,0.62,0.224604830146,0.62
1571330174,0.239520400763,0.58,0.233913272619,0.61
1571330174,0.234736144543,0.57,0.240153938532,0.56
1571330174,0.222663834691,0.62,0.240870371461,0.61
1571330174,0.265296757221,0.5,0.22066552937,0.7
1571330175,0.240120664239,0.61,0.223465248942,0.65
1571330175,0.23122395575,0.64,0.239328742027,0.54
1571330175,0.230452224612,0.6,0.222356289625,0.63
1571330175,0.229760974646,0.61,0.230307728052,0.65
1571330175,0.215721771121,0.66,0.225059509277,0.63
1571330175,0.22826911509,0.56,0.229491025209,0.61
1571330175,0.252221047878,0.58,0.230238080025,0.6
1571330176,0.26002150774,0.49,0.226577103138,0.62
1571330176,0.253448963165,0.49,0.23503665626,0.59
1571330176,0.230598375201,0.59,0.236784785986,0.57
1571330176,0.226065799594,0.61,0.239440858364,0.56
1571330176,0.236824795604,0.61,0.234712854028,0.57
1571330176,0.223890766501,0.62,0.231093496084,0.63
1571330176,0.220030114055,0.66,0.228533804417,0.62
1571330177,0.237488403916,0.63,0.217099428177,0.67
1571330177,0.230855092406,0.67,0.238571643829,0.54
1571330177,0.204552024603,0.69,0.230967029929,0.6
1571330177,0.231415733695,0.61,0.229507401586,0.64
1571330177,0.216774493456,0.653846153846,0.245564669371,0.53
1571330177,0.254913270473,0.54,0.218295678496,0.62
1571330177,0.216910779476,0.63,0.217079177499,0.65
1571330178,0.230977892876,0.6,0.241588145494,0.58
1571330178,0.227755144238,0.62,0.244964852929,0.58
1571330178,0.236745595932,0.57,0.233991786838,0.58
1571330178,0.208276808262,0.67,0.242452204227,0.62
1571330178,0.212794363499,0.62,0.226366490126,0.65
1571330178,0.207294076681,0.67,0.238180056214,0.63
1571330179,0.253933876753,0.6,0.237183332443,0.65
1571330179,0.20762783289,0.65,0.217549785972,0.68
1571330179,0.2342402637,0.63,0.277239501476,0.51
1571330179,0.223264321685,0.67,0.240339964628,0.59
1571330179,0.212541803718,0.61,0.223889887333,0.6
1571330179,0.228569507599,0.65,0.230151817203,0.62
1571330179,0.204779461026,0.69,0.231780454516,0.61
1571330180,0.252105474472,0.57,0.241378441453,0.59
1571330180,0.220285862684,0.66,0.24822281301,0.6
1571330180,0.209927365184,0.65,0.238242581487,0.56
1571330180,0.241313412786,0.57,0.213256925344,0.65
1571330180,0.23731470108,0.59,0.205691501498,0.69
1571330180,0.205893918872,0.65,0.226236030459,0.63
1571330181,0.208962097764,0.66,0.217911213636,0.61
1571330181,0.227428078651,0.62,0.208409056067,0.68
1571330181,0.2141405195,0.63,0.223165258765,0.64
1571330181,0.242902472615,0.58,0.205579698086,0.67
1571330181,0.231349661946,0.61,0.237012028694,0.58
1571330181,0.246951267123,0.53,0.223804354668,0.66
1571330181,0.215016484261,0.69,0.221518874168,0.62
1571330182,0.219407230616,0.65,0.22954711318,0.64
1571330182,0.213599666953,0.74,0.232150480151,0.62
1571330182,0.207388415933,0.7,0.236584737897,0.56
1571330182,0.214720591903,0.65,0.216488048434,0.66
1571330182,0.224507167935,0.65,0.233617648482,0.63
1571330182,0.235377699137,0.61,0.228411659598,0.62
1571330182,0.249209865928,0.52,0.222314625978,0.59
1571330183,0.204143851995,0.67,0.247159481049,0.53
1571330183,0.223629981279,0.64,0.239093273878,0.57
1571330183,0.21779333055,0.62,0.207540974021,0.67
1571330183,0.208151340485,0.67,0.202614679933,0.68
1571330183,0.20737503469,0.66,0.208033934236,0.67
1571330183,0.209657356143,0.69,0.249995410442,0.57
1571330184,0.191957175732,0.7,0.233046144247,0.62
1571330184,0.238509565592,0.63,0.23225133121,0.65
1571330184,0.204750105739,0.69,0.227857246995,0.65
1571330184,0.226486325264,0.62,0.247045502067,0.55
1571330184,0.190670773387,0.74,0.179455220699,0.75
1571330184,0.223890632391,0.69,0.237151995301,0.6
1571330184,0.227011397481,0.68,0.227830007672,0.67
1571330185,0.206005573273,0.71,0.235667899251,0.61
1571330185,0.240406170487,0.64,0.197522714734,0.68
1571330185,0.237671151757,0.62,0.218743935227,0.59
1571330185,0.244327187538,0.6,0.213997006416,0.67
1571330185,0.191501662135,0.7,0.217051506042,0.66
1571330185,0.203459993005,0.7,0.224338039756,0.65
1571330186,0.261656939983,0.51,0.235918834805,0.59
1571330186,0.214173167944,0.65,0.222533017397,0.62
1571330186,0.222517490387,0.61,0.218026503921,0.65
1571330186,0.238338217139,0.57,0.217380985618,0.69
1571330186,0.233205482364,0.62,0.232533082366,0.62
1571330186,0.232316836715,0.63,0.233855947852,0.6
1571330186,0.246493518353,0.59,0.210584610701,0.7
1571330187,0.228681057692,0.62,0.232249766588,0.61
1571330187,0.225147590041,0.67,0.223083227873,0.65
1571330187,0.229996219277,0.64,0.227375894785,0.66
1571330187,0.227424278855,0.62,0.224658757448,0.55
1571330187,0.227573141456,0.64,0.213219374418,0.67
1571330187,0.221002310514,0.67,0.220525547862,0.65
1571330188,0.209151029587,0.75,0.238713800907,0.64
1571330188,0.197849676013,0.7,0.251820206642,0.6
1571330188,0.233600541949,0.69,0.228442847729,0.61
1571330188,0.238150000572,0.59,0.229019314051,0.62
1571330188,0.214304119349,0.63,0.219668641686,0.64
1571330188,0.220275759697,0.65,0.202431797981,0.71
1571330188,0.226486310363,0.58,0.219809800386,0.6
1571330189,0.225175604224,0.64,0.190170377493,0.73
1571330189,0.202767938375,0.67,0.215782821178,0.69
1571330189,0.180937543511,0.76,0.226719409227,0.66
1571330189,0.222853854299,0.6,0.246451497078,0.56
1571330189,0.199347406626,0.69,0.224667429924,0.66
1571330189,0.279758691788,0.48,0.227145969868,0.63
1571330190,0.225954681635,0.58,0.217495128512,0.7
1571330190,0.227021068335,0.64,0.220957577229,0.66
1571330190,0.221163600683,0.65,0.247685328126,0.54
1571330190,0.22009883821,0.63,0.214583069086,0.67
1571330190,0.216144263744,0.68,0.217296898365,0.66
1571330190,0.204234629869,0.68,0.200790122151,0.71
1571330190,0.24982406199,0.54,0.233597025275,0.6
1571330191,0.207464933395,0.68,0.231476426125,0.61
1571330191,0.226548880339,0.7,0.221905872226,0.63
1571330191,0.215799182653,0.67,0.199371293187,0.74
1571330191,0.229564443231,0.64,0.207473710179,0.67
1571330191,0.227068647742,0.62,0.217760547996,0.64
1571330191,0.229521095753,0.67,0.223280504346,0.62
1571330191,0.20814371109,0.68,0.225143760443,0.66
1571330192,0.215699106455,0.69,0.199698105454,0.71
1571330192,0.220062419772,0.65,0.202780351043,0.68
1571330192,0.226628750563,0.62,0.195642799139,0.67
1571330192,0.208573579788,0.7,0.196867480874,0.68
1571330192,0.216716229916,0.63,0.20297563076,0.65
1571330192,0.230436488986,0.64,0.219926506281,0.65
1571330193,0.193438366055,0.7,0.201858624816,0.67
1571330193,0.251996397972,0.5,0.219616055489,0.68
1571330193,0.214816227555,0.64,0.218938291073,0.63
1571330193,0.231324896216,0.62,0.221416577697,0.63
1571330193,0.21379634738,0.64,0.209028512239,0.7
1571330193,0.20330414176,0.68,0.219221547246,0.63
1571330193,0.20594419539,0.74,0.19786901772,0.71
1571330194,0.218211725354,0.63,0.210107252002,0.64
1571330194,0.209505409002,0.66,0.232121989131,0.63
1571330194,0.214492961764,0.61,0.206425875425,0.69
1571330194,0.217667847872,0.63,0.221567973495,0.67
1571330194,0.217718884349,0.71,0.214785262942,0.67
1571330194,0.223132222891,0.69,0.222174108028,0.62
1571330194,0.224774360657,0.66,0.238761216402,0.54
1571330195,0.217600926757,0.63,0.227192729712,0.65
1571330195,0.199597582221,0.71,0.201386362314,0.71
1571330195,0.233170494437,0.63,0.187065795064,0.72
1571330195,0.187657743692,0.71,0.200776994228,0.7
1571330195,0.21388669312,0.64,0.229524984956,0.62
1571330195,0.2068785429,0.66,0.22323821485,0.64
1571330195,0.192592099309,0.69,0.235819548368,0.58
1571330196,0.197609230876,0.68,0.203808769584,0.65
1571330196,0.206119447947,0.67,0.19200694561,0.73
1571330196,0.217526361346,0.63,0.241851821542,0.59
1571330196,0.199286714196,0.7,0.241457879543,0.57
1571330196,0.237563461065,0.57,0.200597494841,0.68
1571330196,0.202429890633,0.7,0.190349802375,0.73
1571330196,0.214364260435,0.65,0.217197552323,0.68
1571330197,0.230518326163,0.54,0.224083676934,0.66
1571330197,0.219533666968,0.67,0.18366111815,0.73
1571330197,0.196343049407,0.66,0.199751764536,0.69
1571330197,0.193127989769,0.75,0.226668149233,0.61
1571330197,0.188104093075,0.68,0.214512690902,0.68
1571330197,0.204499661922,0.71,0.205606505275,0.68
1571330197,0.223503872752,0.64,0.213973730803,0.65
1571330198,0.226711511612,0.65,0.190009593964,0.71
1571330198,0.204534754157,0.66,0.214190900326,0.68
1571330198,0.19445374608,0.71,0.249047964811,0.6
1571330198,0.213494554162,0.63,0.247284725308,0.61
1571330198,0.234352186322,0.59,0.187043443322,0.73
1571330198,0.201307579875,0.66,0.198733776808,0.74
1571330198,0.203427448869,0.67,0.184404060245,0.74
1571330199,0.216093629599,0.67,0.202980279922,0.67
1571330199,0.224416032434,0.64,0.216993972659,0.68
1571330199,0.204253464937,0.68,0.235254064202,0.63
1571330199,0.198492854834,0.7,0.213653221726,0.68
1571330199,0.22103099525,0.65,0.216420382261,0.66
1571330199,0.226446196437,0.62,0.178109884262,0.72
1571330200,0.18992613256,0.73,0.221864551306,0.65
1571330200,0.204699799418,0.7,0.226806655526,0.62
1571330200,0.188152104616,0.77,0.212550222874,0.67
1571330200,0.215404078364,0.67,0.191530182958,0.71
1571330200,0.188479498029,0.69,0.192882165313,0.67
1571330200,0.21064645052,0.7,0.180658593774,0.72
1571330200,0.226638302207,0.63,0.223523378372,0.62
1571330201,0.196728438139,0.67,0.198539599776,0.7
1571330201,0.217716708779,0.67,0.211726993322,0.68
1571330201,0.198282837868,0.67,0.202884674072,0.67
1571330201,0.202956393361,0.67,0.187280699611,0.75
1571330201,0.219312742352,0.64,0.19277767837,0.72
1571330201,0.180011436343,0.78,0.217188775539,0.65
1571330202,0.204805195332,0.69,0.212925836444,0.65
1571330202,0.212349921465,0.66,0.22712393105,0.6
1571330202,0.214778155088,0.65,0.220016077161,0.65
1571330202,0.199019491673,0.7,0.207319691777,0.7
1571330202,0.215874284506,0.64,0.182675153017,0.75
1571330202,0.236255973577,0.62,0.168535858393,0.77
1571330202,0.202111974359,0.69,0.207324922085,0.67
1571330203,0.187662109733,0.69,0.218098208308,0.62
1571330203,0.213703468442,0.63,0.201015636325,0.67
1571330203,0.19244928658,0.71,0.197176471353,0.69
1571330203,0.20435218513,0.7,0.200718939304,0.71
1571330203,0.171905189753,0.77,0.197600483894,0.68
1571330203,0.215100780129,0.67,0.182401567698,0.7
1571330204,0.190231055021,0.72,0.203561276197,0.64
1571330204,0.192602694035,0.69,0.209761425853,0.68
1571330204,0.181385695934,0.74,0.216463372111,0.68
1571330204,0.194499060512,0.71,0.191071197391,0.72
1571330204,0.212491422892,0.63,0.162881061435,0.75
1571330204,0.180253356695,0.73,0.202616453171,0.68
1571330205,0.171247944236,0.76,0.189053982496,0.71
1571330205,0.186372756958,0.76,0.200506553054,0.67
1571330205,0.206164345145,0.71,0.214688211679,0.67
1571330205,0.201205208898,0.67,0.182192116976,0.69
1571330205,0.199440330267,0.72,0.208819463849,0.67
1571330205,0.180995553732,0.74,0.197506263852,0.71
1571330205,0.157113134861,0.78,0.192557200789,0.75
1571330206,0.21957269311,0.67,0.202196016908,0.68
1571330206,0.182454735041,0.71,0.168615370989,0.75
1571330206,0.134562626481,0.81,0.185759857297,0.74
1571330206,0.187534630299,0.72,0.192178919911,0.71
1571330206,0.211841508746,0.68,0.208861783147,0.66
1571330206,0.180461913347,0.72,0.190623357892,0.73
1571330207,0.230240881443,0.61,0.187309890985,0.69
1571330207,0.205565199256,0.69,0.202706202865,0.7
1571330207,0.180157095194,0.76,0.173058614135,0.72
1571330207,0.205965906382,0.66,0.211198449135,0.66
1571330207,0.200906038284,0.72,0.18003475666,0.66
1571330207,0.209881544113,0.66,0.200176969171,0.67
1571330208,0.20714789629,0.68,0.173814028502,0.77
1571330208,0.164426207542,0.76,0.217394277453,0.66
1571330208,0.21718147397,0.66,0.182845517993,0.74
1571330208,0.187678903341,0.76,0.223984777927,0.62
1571330208,0.193972736597,0.73,0.213394373655,0.67
1571330208,0.23473714292,0.59,0.193051099777,0.68
1571330208,0.237323358655,0.56,0.168773651123,0.78
1571330209,0.204834282398,0.67,0.195022135973,0.67
1571330209,0.19685831666,0.69,0.201665237546,0.7
1571330209,0.203340545297,0.66,0.195181295276,0.68
1571330209,0.191395357251,0.72,0.172182202339,0.76
1571330209,0.163444533944,0.77,0.183587580919,0.76
1571330209,0.192563086748,0.74,0.191502556205,0.68
1571330210,0.206422761083,0.73,0.195153921843,0.66
1571330210,0.212775066495,0.68,0.202180445194,0.69
1571330210,0.212543949485,0.68,0.206708878279,0.68
1571330210,0.170280575752,0.77,0.197249606252,0.69
1571330210,0.192885220051,0.72,0.181361138821,0.75
1571330210,0.205813258886,0.67,0.235881000757,0.62
1571330210,0.211593776941,0.68,0.197814211249,0.71
1571330211,0.20942889154,0.69,0.184020459652,0.72
1571330211,0.226577237248,0.65,0.184380382299,0.72
1571330211,0.193986192346,0.72,0.186722069979,0.71
1571330211,0.186282396317,0.72,0.212957397103,0.65
1571330211,0.188665002584,0.73,0.205683901906,0.63
1571330211,0.179033413529,0.730769230769,0.211780771613,0.68
1571330211,0.236790314317,0.63,0.213162526488,0.66
1571330212,0.209888845682,0.63,0.207663118839,0.64
1571330212,0.193793714046,0.71,0.215053632855,0.68
1571330212,0.188148155808,0.73,0.171032607555,0.74
1571330212,0.20064856112,0.69,0.165664866567,0.75
1571330212,0.154306143522,0.8,0.177764594555,0.76
1571330212,0.180460259318,0.74,0.206708312035,0.7
1571330212,0.171359166503,0.73,0.19231107831,0.71
1571330213,0.246029466391,0.61,0.154250100255,0.8
1571330213,0.177080914378,0.73,0.147751241922,0.83
1571330213,0.165333837271,0.75,0.206130802631,0.7
1571330213,0.234690338373,0.66,0.189545363188,0.72
1571330213,0.179945200682,0.74,0.232414752245,0.62
1571330213,0.202824443579,0.7,0.172810807824,0.74
1571330214,0.179240554571,0.73,0.189658015966,0.72
1571330214,0.209741547704,0.65,0.174992695451,0.72
1571330214,0.194434866309,0.75,0.185548886657,0.71
1571330214,0.196063771844,0.67,0.188646882772,0.7
1571330214,0.182968363166,0.79,0.163930848241,0.79
1571330214,0.188651055098,0.72,0.212677642703,0.66
1571330214,0.188973620534,0.73,0.204668015242,0.65
1571330215,0.170884385705,0.75,0.167336016893,0.73
1571330215,0.21724461019,0.67,0.191327676177,0.69
1571330215,0.169967696071,0.76,0.192778334022,0.73
1571330215,0.192155361176,0.73,0.171089679003,0.78
1571330215,0.201663523912,0.73,0.229907438159,0.63
1571330215,0.207634881139,0.65,0.183716952801,0.75
1571330216,0.194998383522,0.68,0.215011656284,0.62
1571330216,0.205504074693,0.71,0.189345672727,0.73
1571330217,0.181852474809,0.73,0.182563900948,0.73
1571330217,0.168368443847,0.76,0.193103060126,0.72
1571330217,0.159911632538,0.77,0.203817918897,0.65
1571330217,0.189718827605,0.7,0.172585755587,0.8
1571330217,0.191357687116,0.68,0.195916876197,0.68
1571330217,0.228319242597,0.58,0.15230204165,0.81
1571330217,0.153754174709,0.82,0.19478726387,0.72
1571330218,0.184533983469,0.72,0.157901063561,0.76
1571330218,0.211605548859,0.69,0.181578114629,0.77
1571330218,0.188402071595,0.72,0.169283896685,0.77
1571330218,0.190889671445,0.67,0.14915214479,0.78
1571330218,0.173745274544,0.76,0.188986063004,0.72
1571330218,0.169133812189,0.74,0.17863163352,0.77
1571330219,0.193455308676,0.7,0.177786245942,0.76
1571330219,0.178170278668,0.7,0.20093677938,0.64
1571330219,0.185378924012,0.71,0.189414143562,0.73
1571330219,0.155249804258,0.79,0.167082279921,0.76
1571330219,0.208588004112,0.69,0.177024841309,0.74
1571330219,0.191157504916,0.7,0.186822995543,0.73
1571330219,0.160623669624,0.77,0.187547400594,0.75
1571330220,0.173515215516,0.73,0.194051787257,0.73
1571330220,0.216962873936,0.65,0.192337587476,0.7
1571330220,0.223968699574,0.67,0.160050600767,0.78
1571330220,0.173892572522,0.72,0.173171401024,0.73
1571330220,0.155108079314,0.81,0.196373313665,0.73
1571330220,0.213564619422,0.67,0.144102573395,0.82
1571330221,0.168178886175,0.77,0.179729148746,0.73
1571330221,0.186712726951,0.66,0.209173947573,0.65
1571330221,0.190112367272,0.72,0.174993857741,0.81
1571330221,0.181468620896,0.72,0.194285228848,0.7
1571330221,0.181466668844,0.74,0.184791862965,0.73
1571330221,0.218174472451,0.61,0.2231862396,0.64
1571330221,0.19722738862,0.72,0.181334927678,0.76
1571330222,0.182916074991,0.75,0.201068297029,0.66
1571330222,0.20847247541,0.66,0.157073095441,0.81
1571330222,0.186102613807,0.75,0.175484225154,0.74
1571330222,0.193827405572,0.69,0.183597758412,0.74
1571330222,0.180222868919,0.72,0.157524064183,0.78
1571330222,0.178862154484,0.75,0.199277982116,0.65
1571330222,0.167073950171,0.72,0.201274454594,0.75
1571330223,0.18771506846,0.74,0.167222246528,0.74
1571330223,0.203719139099,0.67,0.23054972291,0.65
1571330223,0.189842060208,0.7,0.188711479306,0.71
1571330223,0.20061942935,0.7,0.141851216555,0.8
1571330223,0.172938033938,0.77,0.176651969552,0.74
1571330223,0.184483468533,0.71,0.170220047235,0.73
1571330223,0.159304276109,0.75,0.146856948733,0.78
1571330224,0.172940522432,0.7,0.209208741784,0.67
1571330224,0.162476018071,0.77,0.176431775093,0.76
1571330224,0.147644728422,0.8,0.185858756304,0.73
1571330224,0.217320531607,0.68,0.217801600695,0.65
1571330224,0.195110827684,0.73,0.152190446854,0.82
1571330224,0.18871332705,0.71,0.167933017015,0.74
1571330225,0.161607891321,0.79,0.196458622813,0.69
1571330225,0.170448943973,0.75,0.160459041595,0.79
1571330225,0.187925025821,0.7,0.153140500188,0.77
1571330225,0.146658167243,0.79,0.187620207667,0.73
1571330225,0.195781558752,0.69,0.173214659095,0.78
1571330225,0.174095273018,0.75,0.17555873096,0.73
1571330225,0.174722239375,0.73,0.201905399561,0.73
1571330226,0.177608191967,0.74,0.201622262597,0.68
1571330226,0.185959726572,0.74,0.165172338486,0.75
1571330226,0.197776556015,0.69,0.18962495029,0.7
1571330226,0.174873575568,0.71,0.215064242482,0.67
1571330226,0.173592895269,0.74,0.182529732585,0.72
1571330226,0.18186968565,0.77,0.217884585261,0.66
1571330227,0.190374940634,0.69,0.205108821392,0.69
1571330227,0.193176940084,0.64,0.161158755422,0.76
1571330227,0.188380524516,0.73,0.16023427248,0.8
1571330227,0.182135984302,0.7,0.189401686192,0.73
1571330227,0.206296920776,0.71,0.176471993327,0.77
1571330227,0.186244040728,0.73,0.1878105551,0.67
1571330228,0.181833356619,0.74,0.17945638299,0.75
1571330228,0.182851687074,0.72,0.188300997019,0.68
1571330228,0.186268553138,0.73,0.216139152646,0.68
1571330228,0.177714005113,0.75,0.159225314856,0.78
1571330228,0.156261920929,0.79,0.194269612432,0.72
1571330228,0.164819419384,0.75,0.158264473081,0.76
1571330228,0.196206450462,0.7,0.154072195292,0.75
1571330229,0.192137077451,0.68,0.186314359307,0.7
1571330229,0.19117538631,0.67,0.182065829635,0.76
1571330229,0.161020845175,0.76,0.188623681664,0.72
1571330229,0.181201577187,0.74,0.192983791232,0.72
1571330229,0.19246712327,0.67,0.16410626471,0.82
1571330229,0.177098199725,0.74,0.179432049394,0.72
1571330229,0.201496064663,0.71,0.163649305701,0.77
1571330230,0.17802631855,0.73,0.165312618017,0.77
1571330230,0.188751116395,0.74,0.195030391216,0.68
1571330230,0.15935061872,0.72,0.178588777781,0.75
1571330230,0.175775542855,0.73,0.136561125517,0.81
1571330230,0.194829270244,0.7,0.153257757425,0.74
1571330230,0.145898044109,0.79,0.195696473122,0.74
1571330231,0.14670689404,0.79,0.162613481283,0.77
1571330231,0.165979847312,0.76,0.171793922782,0.77
1571330231,0.197779715061,0.7,0.181512787938,0.73
1571330231,0.182510867715,0.76,0.130129039288,0.85
1571330231,0.203262522817,0.67,0.194797769189,0.66
1571330231,0.144628062844,0.82,0.188339173794,0.74
1571330231,0.165995329618,0.74,0.141039520502,0.81
1571330232,0.196004420519,0.7,0.208412706852,0.69
1571330232,0.196600079536,0.67,0.161721646786,0.77
1571330232,0.167427435517,0.72,0.132777050138,0.82
1571330232,0.152999311686,0.78,0.214235708117,0.66
1571330232,0.15839637816,0.77,0.193408474326,0.68
1571330232,0.159914463758,0.76,0.19118604064,0.71
1571330232,0.181011080742,0.71,0.15398798883,0.77
1571330233,0.184482499957,0.71,0.182663068175,0.72
1571330233,0.18364931643,0.75,0.195569619536,0.68
1571330233,0.157211437821,0.77,0.202525287867,0.63
1571330233,0.174977943301,0.71,0.183363094926,0.67
1571330233,0.17026694119,0.77,0.180149629712,0.73
1571330233,0.175956785679,0.74,0.160674020648,0.76
1571330233,0.178806096315,0.73,0.193166911602,0.71
1571330234,0.178720921278,0.7,0.168739885092,0.72
1571330234,0.166536465287,0.75,0.180910214782,0.76
1571330234,0.186154291034,0.69,0.209303513169,0.68
1571330234,0.186556249857,0.74,0.184396356344,0.69
1571330234,0.186462968588,0.73,0.186792626977,0.69
1571330234,0.17322717607,0.75,0.204739794135,0.72
1571330234,0.16149763763,0.77,0.190012484789,0.71
1571330235,0.178164467216,0.73,0.207284107804,0.64
1571330235,0.134229049087,0.86,0.153264954686,0.79
1571330235,0.162268191576,0.76,0.211556956172,0.68
1571330235,0.159894436598,0.79,0.157680109143,0.74
1571330235,0.171429589391,0.75,0.202031746507,0.71
1571330235,0.196403801441,0.69,0.199548691511,0.7
1571330235,0.178786948323,0.74,0.16324904561,0.77
1571330236,0.154838964343,0.75,0.151759088039,0.77
1571330236,0.178438290954,0.71,0.146770164371,0.84
1571330236,0.161988466978,0.76,0.136777386069,0.86
1571330236,0.186061546206,0.71,0.133096918464,0.81
1571330236,0.168545618653,0.78,0.164412125945,0.75
1571330236,0.157792463899,0.77,0.148681730032,0.82
1571330237,0.170560628176,0.74,0.184551388025,0.74
1571330237,0.168910250068,0.74,0.181988865137,0.74
1571330237,0.169694885612,0.76,0.172106519341,0.74
1571330237,0.189669325948,0.7,0.157712891698,0.74
1571330237,0.219370022416,0.66,0.198960334063,0.67
1571330237,0.163771018386,0.72,0.177368938923,0.73
1571330238,0.146775230765,0.82,0.175695300102,0.72
1571330238,0.171424806118,0.72,0.181731209159,0.76
1571330238,0.179029539227,0.76,0.128437876701,0.83
1571330238,0.164646729827,0.74,0.171921744943,0.74
1571330238,0.159635454416,0.8,0.203293398023,0.67
1571330238,0.192974567413,0.7,0.175576940179,0.74
1571330239,0.146874278784,0.82,0.207814201713,0.66
1571330239,0.191405296326,0.69,0.192886173725,0.71
1571330239,0.15049135685,0.79,0.16765601933,0.74
1571330239,0.16729156673,0.74,0.177197441459,0.71
1571330239,0.188751399517,0.71,0.190357789397,0.72
1571330239,0.151188567281,0.77,0.186411514878,0.73
1571330239,0.13468311727,0.81,0.146511167288,0.78
1571330240,0.155338808894,0.8,0.202998384833,0.67
1571330240,0.181387573481,0.72,0.152291178703,0.79
1571330240,0.184156447649,0.69,0.192611172795,0.73
1571330240,0.177568286657,0.72,0.125320568681,0.81
1571330240,0.147575497627,0.79,0.163563072681,0.72
1571330240,0.144961863756,0.78,0.175814077258,0.71
1571330241,0.20250184834,0.71,0.17086648941,0.73
1571330241,0.158327922225,0.76,0.172899752855,0.75
1571330241,0.110188417137,0.83,0.21168833971,0.65
1571330241,0.164706081152,0.74,0.13599781692,0.78
1571330241,0.187952101231,0.69,0.176735982299,0.77
1571330241,0.157778218389,0.74,0.217431426048,0.69
1571330241,0.209279894829,0.68,0.194214582443,0.74
1571330242,0.188790500164,0.71,0.153088763356,0.8
1571330242,0.165786683559,0.79,0.173056587577,0.74
1571330242,0.164862424135,0.74,0.208783492446,0.71
1571330242,0.18759906292,0.72,0.167350128293,0.77
1571330242,0.181980371475,0.7,0.167745530605,0.73
1571330242,0.164470985532,0.76,0.165364786983,0.76
1571330243,0.151242956519,0.78,0.156120419502,0.73
1571330243,0.196621388197,0.7,0.166177213192,0.75
1571330243,0.173244133592,0.74,0.170291975141,0.77
1571330243,0.159333124757,0.8,0.146164789796,0.79
1571330243,0.173341155052,0.79,0.155631586909,0.8
1571330243,0.182600140572,0.72,0.185224562883,0.72
1571330244,0.170505568385,0.76,0.135161846876,0.79
1571330244,0.154368892312,0.79,0.197161376476,0.75
1571330244,0.172345921397,0.75,0.133071258664,0.82
1571330244,0.143118366599,0.81,0.145531743765,0.78
1571330244,0.134768053889,0.86,0.175389364362,0.74
1571330244,0.184583708644,0.72,0.167468771338,0.77
1571330245,0.182227671146,0.76,0.167509138584,0.74
1571330245,0.212988346815,0.7,0.141467869282,0.82
1571330245,0.156152695417,0.8,0.14595079422,0.82
1571330245,0.131084322929,0.83,0.165297999978,0.72
1571330245,0.172215312719,0.76,0.205796897411,0.65
1571330245,0.164941877127,0.78,0.184204190969,0.7
1571330245,0.158574193716,0.77,0.171615004539,0.71
1571330246,0.194225773215,0.7,0.158622890711,0.8
1571330246,0.209007278085,0.69,0.176276534796,0.76
1571330246,0.178808540106,0.73,0.162400320172,0.75
1571330246,0.167021796107,0.73,0.170581996441,0.75
1571330246,0.142217978835,0.78,0.191716074944,0.72
1571330246,0.151263386011,0.788461538462,0.215350776911,0.64
1571330247,0.185833826661,0.72,0.145274087787,0.81
1571330247,0.161891624331,0.73,0.172828316689,0.73
1571330247,0.157985165715,0.76,0.144691079855,0.81
1571330247,0.158912539482,0.77,0.187551856041,0.69
1571330247,0.166491895914,0.76,0.172351717949,0.74
1571330247,0.13219819963,0.81,0.138447061181,0.84
1571330248,0.152926623821,0.77,0.191670715809,0.72
1571330248,0.124246619642,0.82,0.146115168929,0.79
1571330248,0.19185423851,0.71,0.17815707624,0.71
1571330248,0.16174300015,0.77,0.13710168004,0.85
1571330248,0.139285713434,0.81,0.17401906848,0.76
1571330248,0.227606445551,0.68,0.221629753709,0.68
1571330248,0.14628252387,0.79,0.160168707371,0.72
1571330249,0.188419088721,0.68,0.163184732199,0.78
1571330249,0.140679657459,0.81,0.176926612854,0.73
1571330249,0.188157528639,0.74,0.208159461617,0.71
1571330249,0.182558506727,0.71,0.160355910659,0.8
1571330249,0.202221050858,0.65,0.189212456346,0.71
1571330250,0.157903298736,0.77,0.168324783444,0.74
1571330250,0.160081356764,0.76,0.175425946712,0.72
1571330250,0.180153399706,0.74,0.164970859885,0.72
1571330250,0.146209731698,0.79,0.174915149808,0.74
1571330250,0.174514740705,0.72,0.142199486494,0.81
1571330250,0.123494781554,0.84,0.187538340688,0.71
1571330251,0.166767060757,0.78,0.1675208956,0.75
1571330251,0.182234823704,0.71,0.163475111127,0.75
1571330251,0.152084469795,0.77,0.170368432999,0.74
1571330251,0.163658216596,0.77,0.147853970528,0.79
1571330251,0.168000280857,0.76,0.156450405717,0.78
1571330251,0.159552112222,0.79,0.128542333841,0.82
1571330252,0.135259136558,0.83,0.190468579531,0.7
1571330252,0.130846083164,0.84,0.164016067982,0.77
1571330252,0.162462681532,0.78,0.133018374443,0.78
1571330252,0.158816501498,0.79,0.182310223579,0.69
1571330252,0.202000647783,0.67,0.185221895576,0.7
1571330252,0.148917138577,0.81,0.138170793653,0.82
1571330253,0.165602684021,0.77,0.136684596539,0.83
1571330253,0.191257297993,0.71,0.162818714976,0.79
1571330253,0.169772610068,0.76,0.169692933559,0.78
1571330253,0.172261670232,0.76,0.145515963435,0.82
1571330253,0.142156168818,0.8,0.166202485561,0.78
1571330253,0.145043641329,0.8,0.17407412827,0.71
1571330254,0.168166816235,0.77,0.167209982872,0.76
1571330254,0.15444047749,0.73,0.157714083791,0.75
1571330254,0.152646884322,0.75,0.122601993382,0.83
1571330254,0.143873170018,0.77,0.143327012658,0.78
1571330254,0.177696540952,0.75,0.186489343643,0.71
1571330254,0.198678866029,0.7,0.175158694386,0.73
1571330255,0.145842730999,0.76,0.174790337682,0.7
1571330255,0.14408442378,0.74,0.137789726257,0.82
1571330255,0.197453811765,0.68,0.17049369216,0.74
1571330255,0.195819452405,0.73,0.161558628082,0.76
1571330255,0.156718239188,0.8,0.160992100835,0.75
1571330255,0.129807919264,0.82,0.176151782274,0.75
1571330256,0.19006921351,0.73,0.18234705925,0.69
1571330256,0.133717477322,0.79,0.154844850302,0.77
1571330256,0.1526940763,0.73,0.168887481093,0.77
1571330256,0.169406190515,0.73,0.178680554032,0.7
1571330256,0.15822276473,0.74,0.220513418317,0.65
1571330256,0.170006364584,0.74,0.19427870214,0.67
1571330257,0.206613823771,0.71,0.172377154231,0.74
1571330257,0.166683033109,0.75,0.187616541982,0.71
1571330257,0.171087056398,0.72,0.175927624106,0.74
1571330257,0.222593784332,0.65,0.213927492499,0.69
1571330257,0.176445394754,0.77,0.145335748792,0.83
1571330257,0.186692684889,0.69,0.170088127255,0.76
1571330258,0.170267149806,0.77,0.164541527629,0.73
1571330258,0.175235882401,0.74,0.201617673039,0.65
1571330258,0.146837860346,0.76,0.205101653934,0.66
1571330258,0.170090913773,0.75,0.191683441401,0.71
1571330258,0.183120712638,0.72,0.179360046983,0.76
1571330258,0.175468951464,0.75,0.162151038647,0.77
1571330259,0.175652444363,0.75,0.147847145796,0.78
1571330259,0.141085982323,0.82,0.127090826631,0.85
1571330259,0.173384770751,0.76,0.170624360442,0.72
1571330259,0.139183074236,0.8,0.159933537245,0.75
1571330259,0.153151422739,0.73,0.169310331345,0.73
1571330259,0.140763416886,0.82,0.185622513294,0.71
1571330260,0.123884685338,0.86,0.176879808307,0.7
1571330260,0.190288767219,0.75,0.128246083856,0.83
1571330260,0.188255950809,0.71,0.146249398589,0.81
1571330260,0.163107901812,0.74,0.215592831373,0.67
1571330260,0.135815486312,0.81,0.12430549413,0.86
1571330260,0.157499819994,0.75,0.189542338252,0.7
1571330261,0.17425660789,0.76,0.154620587826,0.77
1571330261,0.132023945451,0.79,0.171894982457,0.75
1571330261,0.165715903044,0.76,0.133293166757,0.82
1571330261,0.160944864154,0.74,0.122939229012,0.82
1571330261,0.148451089859,0.84,0.168322175741,0.74
1571330261,0.148351445794,0.76,0.167292624712,0.75
1571330262,0.148416563869,0.79,0.162000924349,0.79
1571330262,0.16647875309,0.73,0.130004405975,0.82
1571330262,0.164342522621,0.73,0.172309532762,0.71
1571330262,0.142495110631,0.83,0.171867519617,0.77
1571330262,0.163057029247,0.8,0.164181813598,0.75
1571330263,0.180561035872,0.68,0.21713848412,0.69
1571330263,0.168740808964,0.74,0.169894918799,0.77
1571330263,0.163534834981,0.8,0.163450792432,0.77
1571330263,0.180911049247,0.72,0.171406984329,0.73
1571330263,0.184717252851,0.72,0.168479025364,0.73
1571330263,0.159275308251,0.77,0.141244858503,0.83
1571330264,0.161562740803,0.75,0.166045814753,0.78
1571330264,0.177140504122,0.71,0.186289206147,0.73
1571330264,0.160980448127,0.78,0.138145387173,0.79
1571330264,0.16278077662,0.76,0.203094124794,0.71
1571330264,0.135551542044,0.81,0.147775501013,0.76
1571330264,0.133099198341,0.83,0.18719856441,0.73
1571330265,0.171855658293,0.76,0.206410646439,0.71
1571330265,0.167986229062,0.72,0.181068137288,0.7
1571330265,0.165741875768,0.73,0.154515951872,0.78
1571330265,0.138792067766,0.8,0.183591976762,0.7
1571330265,0.166747272015,0.76,0.158413290977,0.76
1571330266,0.184611231089,0.74,0.168121904135,0.73
1571330266,0.146821826696,0.81,0.191285282373,0.69
1571330266,0.174239769578,0.77,0.17565356195,0.76
1571330266,0.149635061622,0.78,0.183031365275,0.7
1571330266,0.174395993352,0.75,0.147217065096,0.78
1571330266,0.133180633187,0.78,0.164575472474,0.8
1571330266,0.147242546082,0.83,0.192110091448,0.73
1571330267,0.187362104654,0.73,0.17201167345,0.77
1571330267,0.145286127925,0.79,0.182540908456,0.72
1571330267,0.133427068591,0.83,0.148329615593,0.79
1571330267,0.160572707653,0.77,0.157639488578,0.76
1571330267,0.174874961376,0.71,0.152675047517,0.77
1571330267,0.167891532183,0.79,0.143277361989,0.79
1571330268,0.179732248187,0.73,0.184731215239,0.72
1571330268,0.115795664489,0.9,0.175691381097,0.75
1571330268,0.130420908332,0.84,0.160520151258,0.8
1571330268,0.17338758707,0.73,0.139256954193,0.82
1571330268,0.179886668921,0.73,0.172008380294,0.75
1571330268,0.151287376881,0.77,0.195038929582,0.7
1571330269,0.133723720908,0.82,0.158657833934,0.75
1571330269,0.136836469173,0.82,0.158529728651,0.79
1571330269,0.132515326142,0.82,0.157150417566,0.77
1571330269,0.159663438797,0.79,0.138584390283,0.83
1571330269,0.174745753407,0.74,0.188262909651,0.71
1571330269,0.163759306073,0.77,0.181846946478,0.72
1571330270,0.130293011665,0.8,0.193177312613,0.71
1571330270,0.141546666622,0.77,0.209800601006,0.68
1571330270,0.158204570413,0.76,0.16967356205,0.76
1571330270,0.155822038651,0.78,0.186744734645,0.72
1571330270,0.144642189145,0.78,0.215745598078,0.68
1571330270,0.155871212482,0.73,0.135798051953,0.83
1571330271,0.141134589911,0.8,0.154396235943,0.78
1571330271,0.146299481392,0.79,0.138612091541,0.75
1571330271,0.173409208655,0.78,0.146393626928,0.77
1571330271,0.151938021183,0.76,0.159387648106,0.78
1571330271,0.147968426347,0.8,0.136461958289,0.78
1571330271,0.129178345203,0.83,0.192608237267,0.7
1571330271,0.15802077949,0.76,0.172763109207,0.77
1571330272,0.112375624478,0.9,0.163100451231,0.77
1571330272,0.14185012877,0.83,0.161632880569,0.78
1571330272,0.133173912764,0.82,0.135605230927,0.81
1571330272,0.133243575692,0.83,0.186917662621,0.73
1571330272,0.174783453345,0.72,0.12797281146,0.83
1571330272,0.15159741044,0.8,0.19140085578,0.71
1571330273,0.140402689576,0.78,0.174363955855,0.77
1571330273,0.160541042686,0.75,0.167981445789,0.74
1571330273,0.13052329421,0.79,0.128435537219,0.85
1571330273,0.163671150804,0.75,0.191997408867,0.72
1571330273,0.164390847087,0.76,0.156816348433,0.77
1571330273,0.131886482239,0.8,0.151621744037,0.8
1571330274,0.15021827817,0.77,0.168288558722,0.74
1571330274,0.177094429731,0.77,0.145011007786,0.81
1571330274,0.151361942291,0.81,0.147707879543,0.8
1571330274,0.167204812169,0.75,0.165140867233,0.73
1571330274,0.209145620465,0.67,0.144864946604,0.8
1571330275,0.145561739802,0.77,0.187779039145,0.74
1571330275,0.148156642914,0.8,0.167365655303,0.78
1571330275,0.146952167153,0.78,0.152789980173,0.78
1571330275,0.164066001773,0.77,0.185882851481,0.72
1571330275,0.126233398914,0.82,0.152403965592,0.79
1571330275,0.150883585215,0.79,0.155382320285,0.75
1571330276,0.169320806861,0.76,0.172749072313,0.73
1571330276,0.131982147694,0.83,0.163949117064,0.77
1571330276,0.178168594837,0.72,0.187890231609,0.72
1571330276,0.135287314653,0.82,0.173990339041,0.74
1571330276,0.15298846364,0.76,0.164741039276,0.79
1571330276,0.167731672525,0.74,0.15269908309,0.76
1571330277,0.126942679286,0.81,0.131499409676,0.8
1571330277,0.129199907184,0.81,0.140970766544,0.82
1571330277,0.141209676862,0.85,0.155928522348,0.78
1571330277,0.167304888368,0.78,0.189247444272,0.71
1571330277,0.144004076719,0.77,0.165815681219,0.75
1571330277,0.143447294831,0.8,0.105125308037,0.85
1571330278,0.126628994942,0.83,0.152400910854,0.79
1571330278,0.137383177876,0.79,0.161707535386,0.8
1571330278,0.179378181696,0.76,0.194177433848,0.76
1571330278,0.1528506428,0.76,0.170559048653,0.77
1571330278,0.100874885917,0.85,0.117077410221,0.85
1571330278,0.133389800787,0.79,0.203916057944,0.7
1571330279,0.163658037782,0.74,0.111741766334,0.82
1571330279,0.135135442019,0.79,0.149361014366,0.77
1571330279,0.169741794467,0.73,0.160935565829,0.75
1571330279,0.168177694082,0.76,0.178722545505,0.72
1571330279,0.159648701549,0.77,0.147666707635,0.79
1571330279,0.121979273856,0.8,0.156732916832,0.78
1571330280,0.155067443848,0.76,0.160997033119,0.78
1571330280,0.162223115563,0.77,0.174432426691,0.75
1571330280,0.135906949639,0.75,0.162594914436,0.77
1571330280,0.129100218415,0.81,0.144263148308,0.81
1571330280,0.175898954272,0.76,0.126769185066,0.84
1571330280,0.157291918993,0.72,0.149023428559,0.81
1571330281,0.140745401382,0.83,0.146378353238,0.76
1571330281,0.148188322783,0.76,0.149124011397,0.77
1571330281,0.149723425508,0.8,0.126445353031,0.84
1571330281,0.152669772506,0.78,0.174125254154,0.77
1571330281,0.139579072595,0.84,0.17620113492,0.76
1571330281,0.141978606582,0.79,0.120700635016,0.86
1571330282,0.121169582009,0.84,0.13541123271,0.78
1571330282,0.114404715598,0.84,0.152970835567,0.75
1571330282,0.168567627668,0.73,0.171495959163,0.74
1571330282,0.159235149622,0.77,0.144003406167,0.79
1571330282,0.205587804317,0.73,0.178141102195,0.76
1571330282,0.13289950788,0.83,0.153052985668,0.8
1571330282,0.115896143019,0.84,0.190585911274,0.72
1571330283,0.148676708341,0.79,0.164121091366,0.75
1571330283,0.123752653599,0.85,0.161792322993,0.73
1571330283,0.139437764883,0.8,0.156639590859,0.74
1571330283,0.176127016544,0.74,0.132205352187,0.81
1571330283,0.17207916081,0.75,0.146626576781,0.77
1571330283,0.160031303763,0.72,0.14797244966,0.79
1571330284,0.122101962566,0.86,0.14311145246,0.82
1571330284,0.130478560925,0.81,0.123071871698,0.85
1571330284,0.112792700529,0.865384615385,0.147609367967,0.78
1571330284,0.164981380105,0.76,0.158637285233,0.76
1571330284,0.130220964551,0.77,0.157395079732,0.77
1571330284,0.127535119653,0.86,0.170930415392,0.76
1571330285,0.140940740705,0.78,0.149258166552,0.78
1571330285,0.152179554105,0.8,0.162786319852,0.76
1571330285,0.125589698553,0.81,0.171073198318,0.74
1571330285,0.135444760323,0.81,0.129704385996,0.81
1571330285,0.108491063118,0.86,0.170103862882,0.73
1571330285,0.166079580784,0.75,0.130801230669,0.82
1571330285,0.154724568129,0.74,0.140020892024,0.8
1571330286,0.114882044494,0.87,0.166463464499,0.76
1571330286,0.210652172565,0.71,0.17809663713,0.76
1571330286,0.131483107805,0.82,0.154362738132,0.76
1571330286,0.151349455118,0.82,0.165333122015,0.77
1571330286,0.117986962199,0.84,0.178398564458,0.76
1571330286,0.170861110091,0.78,0.166510254145,0.73
1571330287,0.169577211142,0.73,0.189549833536,0.7
1571330287,0.170316621661,0.74,0.150474742055,0.77
1571330287,0.120465174317,0.82,0.172569274902,0.73
1571330287,0.135631978512,0.83,0.176925390959,0.73
1571330287,0.173662558198,0.74,0.168924152851,0.75
1571330287,0.132001906633,0.82,0.180187270045,0.73
1571330288,0.164654150605,0.76,0.157420411706,0.77
1571330288,0.0970955267549,0.88,0.172702759504,0.73
1571330288,0.146927595139,0.82,0.170759707689,0.73
1571330288,0.167251467705,0.73,0.156806543469,0.76
1571330288,0.136023029685,0.81,0.19863307476,0.69
1571330289,0.132371097803,0.8,0.171997904778,0.75
1571330289,0.137334987521,0.85,0.213416442275,0.69
1571330289,0.185949444771,0.7,0.132564902306,0.78
1571330289,0.131603389978,0.81,0.123380236328,0.82
1571330289,0.125553876162,0.85,0.142604768276,0.76
1571330289,0.170951157808,0.73,0.190416693687,0.74
1571330290,0.129332065582,0.83,0.192866131663,0.72
1571330290,0.182199373841,0.74,0.110524617136,0.87
1571330290,0.129942968488,0.78,0.164157316089,0.79
1571330290,0.141106292605,0.79,0.167008474469,0.75
1571330290,0.155085116625,0.78,0.15304505825,0.82
1571330290,0.156883776188,0.77,0.15178065002,0.74
1571330290,0.150557503104,0.8,0.159583210945,0.76
1571330291,0.124392688274,0.83,0.164218902588,0.76
1571330291,0.124632410705,0.83,0.11961620301,0.8
1571330291,0.139205604792,0.82,0.160736009479,0.76
1571330291,0.141004368663,0.76,0.179182350636,0.72
1571330291,0.131993919611,0.82,0.152664020658,0.8
1571330291,0.133011639118,0.79,0.178700387478,0.74
1571330292,0.152238875628,0.79,0.182359784842,0.77
1571330292,0.188102006912,0.75,0.167748987675,0.75
1571330292,0.141024082899,0.78,0.165536597371,0.76
1571330292,0.127787798643,0.83,0.141373053193,0.82
1571330292,0.170389831066,0.78,0.143117398024,0.79
1571330292,0.181473866105,0.75,0.177858382463,0.74
1571330293,0.133229583502,0.81,0.176463738084,0.72
1571330293,0.117903612554,0.85,0.128672778606,0.82
1571330293,0.163012072444,0.79,0.173945978284,0.74
1571330293,0.119130410254,0.85,0.136516168714,0.8
1571330293,0.130932539701,0.8,0.160923272371,0.8
1571330294,0.150908201933,0.78,0.146909549832,0.78
1571330294,0.137810394168,0.78,0.147105336189,0.77
1571330294,0.134559422731,0.82,0.18290425837,0.7
1571330294,0.186070725322,0.77,0.19078707695,0.73
1571330294,0.158390790224,0.73,0.176228657365,0.73
1571330294,0.142484948039,0.8,0.177428036928,0.7
1571330295,0.197008103132,0.71,0.136428028345,0.84
1571330295,0.14014865458,0.84,0.162819430232,0.76
1571330295,0.169670000672,0.72,0.142117574811,0.8
1571330295,0.160065695643,0.77,0.199110865593,0.68
1571330295,0.169260412455,0.75,0.140305280685,0.79
1571330295,0.119224645197,0.83,0.172333031893,0.71
1571330296,0.149239301682,0.81,0.158019661903,0.74
1571330296,0.151116088033,0.81,0.17803581059,0.71
1571330296,0.143623486161,0.83,0.170433014631,0.74
1571330296,0.144578635693,0.78,0.165896341205,0.76
1571330296,0.105897247791,0.86,0.165335118771,0.77
1571330296,0.147991225123,0.81,0.155427455902,0.71
1571330297,0.112533479929,0.87,0.1773622334,0.76
1571330297,0.144391641021,0.76,0.144811823964,0.74
1571330297,0.127302229404,0.8,0.129566580057,0.8
1571330297,0.107033200562,0.88,0.186593472958,0.71
1571330297,0.160796657205,0.78,0.127074822783,0.82
1571330297,0.164454340935,0.74,0.144041061401,0.82
1571330297,0.154494792223,0.79,0.169639647007,0.79
1571330298,0.113848522305,0.85,0.176963537931,0.74
1571330298,0.145419046283,0.76,0.202496036887,0.66
1571330298,0.158676534891,0.78,0.123341478407,0.82
1571330298,0.117062695324,0.81,0.138628259301,0.82
1571330298,0.140814065933,0.82,0.145881086588,0.79
1571330298,0.164548933506,0.74,0.133878231049,0.82
1571330299,0.12501733005,0.81,0.168047919869,0.76
1571330299,0.138522833586,0.79,0.164620697498,0.74
1571330299,0.117285758257,0.84,0.174514308572,0.78
1571330299,0.150894746184,0.8,0.144976183772,0.78
1571330299,0.150406077504,0.76,0.133879169822,0.8
1571330299,0.134443983436,0.82,0.172292724252,0.74
1571330300,0.144321143627,0.78,0.149005904794,0.77
1571330300,0.164243981242,0.8,0.163144275546,0.75
1571330300,0.14734762907,0.79,0.221812412143,0.62
1571330300,0.146634191275,0.79,0.203778848052,0.67
1571330300,0.172052517533,0.78,0.15337741375,0.74
1571330301,0.150926485658,0.8,0.182391479611,0.7
1571330301,0.133368209004,0.8,0.151843205094,0.78
1571330301,0.139412567019,0.8,0.169159039855,0.75
1571330301,0.150178834796,0.78,0.121778771281,0.82
1571330301,0.130475252867,0.85,0.165907621384,0.75
1571330301,0.145999416709,0.81,0.141641721129,0.78
1571330301,0.107456788421,0.87,0.149854525924,0.78
1571330302,0.123683914542,0.84,0.194871425629,0.72
1571330302,0.153391242027,0.78,0.178002014756,0.74
1571330302,0.141494452953,0.8,0.190594702959,0.72
1571330302,0.154415771365,0.79,0.178803443909,0.68
1571330302,0.120182991028,0.86,0.155791923404,0.77
1571330303,0.161131843925,0.75,0.172762453556,0.76
1571330303,0.161330163479,0.76,0.18154810369,0.75
1571330303,0.129146635532,0.83,0.183630779386,0.75
1571330303,0.136766448617,0.82,0.151196941733,0.74
1571330303,0.132253810763,0.82,0.122424967587,0.83
1571330303,0.167783394456,0.75,0.170001536608,0.76
1571330303,0.118840478361,0.85,0.166934028268,0.77
1571330304,0.131867513061,0.84,0.130760073662,0.81
1571330304,0.170385122299,0.75,0.154780030251,0.77
1571330304,0.124243974686,0.82,0.176206335425,0.72
1571330304,0.125528588891,0.84,0.164592713118,0.78
1571330304,0.147586971521,0.8,0.126471161842,0.84
1571330304,0.1419993788,0.81,0.184480786324,0.74
1571330305,0.142660647631,0.83,0.123539105058,0.82
1571330305,0.162409350276,0.81,0.164532959461,0.76
1571330305,0.0948327481747,0.94,0.135636135936,0.78
1571330305,0.098646081984,0.92,0.175940334797,0.74
1571330305,0.161654323339,0.74,0.163771018386,0.79
1571330305,0.177894383669,0.75,0.134067624807,0.79
1571330306,0.13127091527,0.83,0.102161750197,0.89
1571330306,0.120536193252,0.84,0.221471384168,0.67
1571330306,0.133572816849,0.83,0.200227111578,0.74
1571330306,0.120098121464,0.83,0.206921622157,0.7
1571330306,0.149319946766,0.79,0.125026583672,0.82
1571330306,0.143548727036,0.81,0.142166212201,0.79
1571330307,0.148079767823,0.8,0.132578894496,0.79
1571330307,0.139627695084,0.83,0.16019615531,0.77
1571330307,0.114431485534,0.89,0.165238067508,0.78
1571330307,0.122932247818,0.83,0.167061641812,0.73
1571330307,0.135915845633,0.79,0.179595842957,0.71
1571330307,0.126209542155,0.83,0.190480947495,0.72
1571330308,0.12028606236,0.83,0.184072852135,0.75
1571330308,0.124301299453,0.8,0.137700095773,0.84
1571330308,0.128501519561,0.81,0.149439021945,0.77
1571330308,0.165696695447,0.78,0.208334267139,0.68
1571330308,0.126701280475,0.79,0.173345923424,0.77
1571330308,0.125695943832,0.81,0.158753529191,0.76
1571330309,0.115858584642,0.86,0.149050161242,0.74
1571330309,0.145029366016,0.79,0.144496619701,0.8
1571330309,0.0901098176837,0.92,0.155864283442,0.74
1571330309,0.131019711494,0.82,0.152995929122,0.81
1571330309,0.122709453106,0.84,0.140227839351,0.81
1571330310,0.118547163904,0.84,0.141101911664,0.81
1571330310,0.160479366779,0.74,0.164715155959,0.8
1571330310,0.133698612452,0.81,0.1533677876,0.77
1571330310,0.113578610122,0.84,0.137701094151,0.79
1571330310,0.147138416767,0.77,0.146108746529,0.76
1571330310,0.115514270961,0.83,0.155595883727,0.77
1571330311,0.136438906193,0.82,0.150779128075,0.8
1571330311,0.152565911412,0.77,0.16718313098,0.74
1571330311,0.117562271655,0.84,0.151036247611,0.78
1571330311,0.126638546586,0.83,0.172256618738,0.75
1571330311,0.154981076717,0.77,0.184859380126,0.67
1571330311,0.137517601252,0.78,0.177388742566,0.71
1571330312,0.144814684987,0.81,0.163642331958,0.74
1571330312,0.174460411072,0.72,0.184427529573,0.74
1571330312,0.127949073911,0.79,0.14446477592,0.78
1571330312,0.134393021464,0.79,0.133198261261,0.79
1571330312,0.116670198739,0.85,0.126058518887,0.83
1571330312,0.156439378858,0.77,0.173895716667,0.8
1571330313,0.11085357517,0.85,0.161759480834,0.75
1571330313,0.137149736285,0.8,0.170433551073,0.74
1571330313,0.130423605442,0.83,0.163731247187,0.76
1571330313,0.11550848186,0.85,0.177073225379,0.76
1571330313,0.155329138041,0.77,0.176194936037,0.76
1571330313,0.113205552101,0.86,0.173029333353,0.74
1571330314,0.128980815411,0.85,0.160256102681,0.77
1571330314,0.142608717084,0.83,0.161408528686,0.8
1571330314,0.116050697863,0.85,0.134543687105,0.82
1571330314,0.120096825063,0.8,0.18893879652,0.74
1571330314,0.127081096172,0.86,0.159330055118,0.79
1571330314,0.156788721681,0.8,0.186984062195,0.69
1571330315,0.122448891401,0.82,0.125405177474,0.8
1571330315,0.129864111543,0.81,0.177926436067,0.77
1571330315,0.109422616661,0.85,0.186867162585,0.75
1571330315,0.135273620486,0.77,0.128668114543,0.88
1571330315,0.175501272082,0.77,0.163404971361,0.74
1571330315,0.149153053761,0.78,0.140193462372,0.75
1571330316,0.097852088511,0.87,0.156723409891,0.79
1571330316,0.0957027226686,0.85,0.184728384018,0.72
1571330316,0.14115935564,0.79,0.190900534391,0.76
1571330316,0.123979769647,0.84,0.175636127591,0.73
1571330316,0.159560963511,0.78,0.171162381768,0.73
1571330316,0.140845179558,0.79,0.156381875277,0.79
1571330317,0.147657260299,0.79,0.136904731393,0.8
1571330317,0.101328156888,0.87,0.171911522746,0.75
1571330317,0.139352932572,0.8,0.163877278566,0.77
1571330317,0.138986855745,0.78,0.154786080122,0.75
1571330317,0.109491445124,0.86,0.212003648281,0.72
1571330317,0.119306996465,0.83,0.186993405223,0.71
1571330318,0.168531775475,0.79,0.141497939825,0.79
1571330318,0.143895417452,0.74,0.146955534816,0.72
1571330318,0.128590032458,0.87,0.185324653983,0.73
1571330318,0.133544668555,0.81,0.13094510138,0.79
1571330318,0.130123645067,0.82,0.139245018363,0.81
1571330318,0.132355794311,0.84,0.17631906271,0.73
1571330318,0.126069098711,0.8,0.118937596679,0.83
1571330319,0.132632210851,0.82,0.162323504686,0.72
1571330319,0.113642662764,0.84,0.187988758087,0.69
1571330319,0.0990027338266,0.88,0.122966364026,0.81
1571330319,0.161417603493,0.76,0.207667544484,0.67
1571330319,0.140505298972,0.82,0.126744017005,0.85
1571330319,0.207583978772,0.7,0.142195940018,0.79
1571330320,0.114508084953,0.82,0.166951909661,0.79
1571330320,0.104727856815,0.86,0.161437556148,0.76
1571330320,0.155601471663,0.75,0.120059542358,0.81
1571330320,0.115705877542,0.85,0.148879408836,0.81
1571330320,0.127230465412,0.83,0.168081745505,0.75
1571330320,0.157722309232,0.78,0.168460041285,0.7
1571330321,0.146418690681,0.79,0.161184057593,0.76
1571330321,0.140191167593,0.79,0.146231502295,0.77
1571330321,0.100609406829,0.88,0.158473819494,0.78
1571330321,0.116567984223,0.83,0.155232772231,0.76
1571330321,0.0901486873627,0.923076923077,0.166401877999,0.76
1571330321,0.143611937761,0.81,0.154255956411,0.78
1571330322,0.102891288698,0.85,0.146085008979,0.77
1571330322,0.105878137052,0.86,0.161275789142,0.78
1571330322,0.114403344691,0.83,0.19950415194,0.75
1571330322,0.126835927367,0.82,0.139399781823,0.79
1571330322,0.108013436198,0.85,0.186551481485,0.7
1571330322,0.131158903241,0.83,0.154756143689,0.79
1571330323,0.106215365231,0.87,0.19115293026,0.69
1571330323,0.131906062365,0.81,0.17253702879,0.75
1571330323,0.140814527869,0.77,0.153123751283,0.77
1571330323,0.093978561461,0.89,0.20028270781,0.72
1571330323,0.173762634397,0.75,0.165109321475,0.79
1571330323,0.106582000852,0.84,0.133281111717,0.84
1571330323,0.13343244791,0.84,0.160996764898,0.76
1571330324,0.107490338385,0.86,0.177814364433,0.73
1571330324,0.149497389793,0.8,0.185957059264,0.71
1571330324,0.141885519028,0.77,0.149256646633,0.76
1571330324,0.140120282769,0.78,0.174182280898,0.71
1571330324,0.10671826452,0.84,0.188053458929,0.74
1571330324,0.133906364441,0.8,0.184257477522,0.72
1571330325,0.166622012854,0.74,0.186217457056,0.7
1571330325,0.108900874853,0.87,0.205939337611,0.7
1571330325,0.133605450392,0.76,0.125031083822,0.82
1571330325,0.0673503279686,0.91,0.170489102602,0.75
1571330325,0.12522238493,0.84,0.161322936416,0.74
1571330325,0.136315569282,0.82,0.156507670879,0.79
1571330326,0.112358577549,0.82,0.176322564483,0.76
1571330326,0.132594898343,0.8,0.164484977722,0.77
1571330326,0.135525792837,0.82,0.152939841151,0.76
1571330326,0.11435610801,0.88,0.111813150346,0.86
1571330326,0.121115550399,0.81,0.153021648526,0.78
1571330326,0.117672368884,0.85,0.152078658342,0.77
1571330327,0.132664561272,0.79,0.133107289672,0.8
1571330327,0.122728228569,0.84,0.145428732038,0.75
1571330327,0.165464505553,0.76,0.15727058053,0.8
1571330328,0.124133035541,0.81,0.159357398748,0.78
1571330328,0.11792126298,0.83,0.158586725593,0.76
1571330328,0.127305433154,0.83,0.181240156293,0.74
1571330328,0.14007806778,0.8,0.122584417462,0.81
1571330328,0.138373404741,0.78,0.151356399059,0.76
1571330329,0.131490290165,0.8,0.172970220447,0.76
1571330329,0.112967066467,0.82,0.179460927844,0.73
1571330329,0.130056276917,0.77,0.171021819115,0.73
1571330329,0.126294240355,0.79,0.153408184648,0.76
1571330329,0.132050290704,0.85,0.113416314125,0.83
1571330329,0.107684224844,0.85,0.19865308702,0.71
1571330330,0.137566104531,0.83,0.175402566791,0.74
1571330330,0.164217755198,0.78,0.132266953588,0.85
1571330330,0.123246207833,0.82,0.156742021441,0.8
1571330330,0.111722268164,0.85,0.120185725391,0.84
1571330330,0.149246260524,0.82,0.134456083179,0.78
1571330330,0.161454826593,0.78,0.194160759449,0.68
1571330331,0.118183769286,0.86,0.151407003403,0.78
1571330331,0.103421770036,0.88,0.144631117582,0.77
1571330331,0.148830235004,0.77,0.152949079871,0.79
1571330331,0.107372634113,0.86,0.157252401114,0.75
1571330331,0.122180327773,0.8,0.143361315131,0.79
1571330331,0.129679724574,0.81,0.171812474728,0.78
1571330331,0.108773007989,0.84,0.190139710903,0.7
1571330332,0.119819633663,0.82,0.169530764222,0.75
1571330332,0.17853564024,0.77,0.180567502975,0.74
1571330332,0.125146314502,0.84,0.169467255473,0.74
1571330332,0.123545050621,0.86,0.221418231726,0.67
1571330332,0.175042405725,0.76,0.184110179543,0.73
1571330332,0.134505793452,0.84,0.18920211494,0.71
1571330333,0.137068703771,0.8,0.172974705696,0.74
1571330333,0.147432565689,0.76,0.145938977599,0.8
1571330333,0.15395578742,0.78,0.147218957543,0.79
1571330333,0.107050396502,0.85,0.181451186538,0.75
1571330333,0.136992111802,0.8,0.152566760778,0.77
1571330333,0.145038157701,0.79,0.161049798131,0.75
1571330334,0.136324122548,0.81,0.145421206951,0.8
1571330334,0.133817985654,0.82,0.15415327251,0.79
1571330334,0.0943088382483,0.85,0.163496628404,0.77
1571330334,0.13811545074,0.84,0.167818069458,0.75
1571330334,0.113025352359,0.86,0.156121790409,0.75
1571330334,0.130815565586,0.79,0.19105412066,0.71
1571330334,0.130299657583,0.79,0.145799189806,0.77
1571330335,0.0922282710671,0.88,0.154020026326,0.78
1571330335,0.146257981658,0.8,0.184447199106,0.7
1571330335,0.136305972934,0.84,0.154371246696,0.75
1571330335,0.141966670752,0.82,0.160563081503,0.74
1571330335,0.0913310796022,0.89,0.182914689183,0.75
1571330335,0.11379648,0.84,0.190308228135,0.71
1571330336,0.146798372269,0.81,0.196762353182,0.72
1571330336,0.102681711316,0.87,0.144433170557,0.79
1571330336,0.125605925918,0.81,0.145406424999,0.78
1571330336,0.147677093744,0.79,0.189759194851,0.72
1571330336,0.101922959089,0.85,0.160722747445,0.76
1571330337,0.138619080186,0.81,0.156650602818,0.75
1571330337,0.114792995155,0.83,0.160133138299,0.75
1571330337,0.139964982867,0.84,0.156332418323,0.74
1571330337,0.140550598502,0.81,0.173548281193,0.75
1571330337,0.126966282725,0.8,0.137101098895,0.82
1571330337,0.127037540078,0.81,0.170066103339,0.75
1571330338,0.152317017317,0.77,0.14233790338,0.79
1571330338,0.113579615951,0.83,0.205575704575,0.72
1571330338,0.128392234445,0.82,0.1979406178,0.7
1571330338,0.171003758907,0.79,0.169729501009,0.78
1571330338,0.127748370171,0.84,0.18362750113,0.73
1571330338,0.120048075914,0.84,0.136190876365,0.81
1571330339,0.120462469757,0.83,0.126096740365,0.84
1571330339,0.13430455327,0.8,0.154706984758,0.76
1571330339,0.116931512952,0.86,0.183782622218,0.73
1571330339,0.122916348279,0.83,0.173540070653,0.76
1571330339,0.0927617102861,0.88,0.190531820059,0.71
1571330339,0.113324701786,0.84,0.157308802009,0.75
1571330339,0.108212135732,0.87,0.183214232326,0.72
1571330340,0.126051753759,0.83,0.170727267861,0.78
1571330340,0.142869234085,0.8,0.153771877289,0.81
1571330340,0.106416009367,0.85,0.198268681765,0.73
1571330340,0.148770496249,0.79,0.152979880571,0.77
1571330340,0.140542820096,0.79,0.197297245264,0.68
1571330340,0.115400493145,0.86,0.134472429752,0.8
1571330341,0.125981912017,0.84,0.189575910568,0.71
1571330341,0.13177485764,0.83,0.125012695789,0.83
1571330341,0.179173737764,0.75,0.174980968237,0.74
1571330341,0.085236787796,0.89,0.170279473066,0.75
1571330341,0.118668057024,0.84,0.188266187906,0.72
1571330341,0.144852280617,0.8,0.166040852666,0.75
1571330342,0.114788018167,0.84,0.126400947571,0.84
1571330342,0.120779290795,0.82,0.161807179451,0.78
1571330342,0.135619610548,0.8,0.108738794923,0.84
1571330342,0.14363925159,0.77,0.13900513947,0.82
1571330342,0.132528498769,0.79,0.176100194454,0.76
1571330342,0.144940719008,0.77,0.181534260511,0.75
1571330342,0.0704505071044,0.95,0.134135514498,0.81
1571330343,0.0996289178729,0.85,0.17295217514,0.74
1571330343,0.133734062314,0.83,0.194796264172,0.76
1571330343,0.149680346251,0.78,0.13414464891,0.84
1571330343,0.114395201206,0.85,0.216577127576,0.71
1571330343,0.121944755316,0.83,0.223753869534,0.71
1571330343,0.12527525425,0.83,0.150868281722,0.79
1571330344,0.120144695044,0.85,0.125664934516,0.85
1571330344,0.140198722482,0.81,0.140264391899,0.83
1571330344,0.12739045918,0.82,0.157412707806,0.77
1571330344,0.130673348904,0.84,0.147806406021,0.8
1571330344,0.129228666425,0.81,0.149304777384,0.79
1571330345,0.101913742721,0.87,0.165360867977,0.77
1571330345,0.11363568902,0.87,0.179342597723,0.74
1571330345,0.124827995896,0.81,0.171351179481,0.75
1571330345,0.117698103189,0.84,0.16637070477,0.77
1571330345,0.103123314679,0.88,0.158475086093,0.79
1571330345,0.129466384649,0.83,0.163699179888,0.78
1571330345,0.117346942425,0.85,0.159847706556,0.8
1571330346,0.163350701332,0.79,0.123854272068,0.83
1571330346,0.0959458053112,0.88,0.164151802659,0.76
1571330346,0.113856606185,0.85,0.151041045785,0.82
1571330346,0.100957550108,0.88,0.117889329791,0.8
1571330346,0.129310876131,0.79,0.166869685054,0.73
1571330346,0.0948059484363,0.89,0.171593353152,0.77
1571330347,0.119963988662,0.84,0.121017113328,0.8
1571330347,0.103710956872,0.86,0.104385539889,0.88
1571330347,0.111090421677,0.86,0.176168203354,0.77
1571330347,0.157426029444,0.75,0.15642003715,0.8
1571330347,0.111633211374,0.85,0.174257725477,0.75
1571330347,0.109374292195,0.87,0.213064134121,0.65
1571330348,0.145873606205,0.76,0.170273497701,0.75
1571330348,0.105807460845,0.86,0.154848888516,0.77
1571330348,0.120844192803,0.84,0.154302448034,0.77
1571330348,0.132819235325,0.83,0.166980430484,0.75
1571330349,0.101058185101,0.86,0.166603058577,0.76
1571330349,0.105350598693,0.85,0.168515115976,0.74
1571330349,0.109955899417,0.85,0.149600610137,0.78
1571330349,0.110978797078,0.84,0.157470688224,0.74
1571330350,0.127175688744,0.8,0.13898858428,0.75
1571330350,0.14855620265,0.81,0.156507879496,0.79
1571330350,0.114962980151,0.84,0.141101673245,0.82
1571330350,0.115640349686,0.85,0.156373992562,0.8
1571330350,0.121239170432,0.84,0.173516780138,0.73
1571330350,0.139785215259,0.8,0.158542230725,0.78
1571330351,0.0985273718834,0.86,0.151764467359,0.78
1571330351,0.123242937028,0.81,0.179427787662,0.73
1571330351,0.121003299952,0.85,0.167077243328,0.75
1571330351,0.100102819502,0.88,0.188437864184,0.72
1571330351,0.126479491591,0.81,0.197706177831,0.72
1571330352,0.08778616786,0.9,0.184562429786,0.73
1571330352,0.115932680666,0.87,0.148572698236,0.79
1571330352,0.123596504331,0.86,0.190475404263,0.7
1571330352,0.11765268445,0.85,0.167171791196,0.75
1571330352,0.108508236706,0.84,0.174889445305,0.75
1571330352,0.129500299692,0.86,0.199455082417,0.73
1571330352,0.156024217606,0.78,0.208598867059,0.72
1571330353,0.133416324854,0.81,0.125967621803,0.82
1571330353,0.125062897801,0.84,0.140588507056,0.81
1571330353,0.09839925915,0.88,0.176019653678,0.74
1571330353,0.128590703011,0.82,0.149763047695,0.8
1571330353,0.162912815809,0.78,0.13645991683,0.83
1571330353,0.128989443183,0.82,0.132825106382,0.8
1571330354,0.0983031019568,0.87,0.144961968064,0.78
1571330354,0.115271538496,0.85,0.170650392771,0.73
1571330354,0.13997772336,0.78,0.172395199537,0.77
1571330354,0.121297292411,0.82,0.194689229131,0.72
1571330354,0.120702497661,0.83,0.150333896279,0.78
1571330354,0.132104411721,0.81,0.179196685553,0.74
1571330354,0.147028505802,0.78,0.147554218769,0.79
1571330355,0.0844464376569,0.9,0.172977149487,0.74
1571330355,0.111762739718,0.85,0.158713519573,0.74
1571330355,0.134013175964,0.78,0.120761282742,0.86
1571330355,0.092584580183,0.91,0.175858363509,0.77
1571330355,0.089814811945,0.87,0.179734528065,0.73
1571330355,0.140019446611,0.83,0.238498732448,0.65
1571330356,0.13551518321,0.81,0.198304459453,0.66
1571330356,0.106116198003,0.87,0.203414440155,0.72
1571330356,0.116767942905,0.83,0.126153126359,0.84
1571330356,0.117586791515,0.83,0.177917644382,0.75
1571330356,0.12796151638,0.84,0.102249085903,0.87
1571330356,0.125929698348,0.81,0.123531199992,0.82
1571330357,0.126038059592,0.8,0.20970569551,0.68
1571330357,0.108298808336,0.85,0.135712459683,0.79
1571330357,0.0826147571206,0.87,0.159389331937,0.77
1571330357,0.136925935745,0.81,0.156492456794,0.79
1571330357,0.118093691766,0.84,0.169109031558,0.78
1571330357,0.183992892504,0.74,0.141747966409,0.79
1571330357,0.0926334485412,0.88,0.146542549133,0.76
1571330358,0.0923052430153,0.89,0.190650075674,0.73
1571330358,0.135593160987,0.79,0.169107675552,0.77
1571330358,0.102935150266,0.84,0.190919548273,0.73
1571330358,0.120411530137,0.85,0.114967122674,0.83
1571330358,0.130893006921,0.81,0.167228162289,0.77
1571330358,0.108080230653,0.87,0.189268618822,0.71
1571330359,0.129468336701,0.82,0.181861758232,0.74
1571330359,0.0969937741756,0.85,0.20209749043,0.67
1571330359,0.112019382417,0.81,0.190517559648,0.74
1571330359,0.0485841818154,1.0,0.168826520443,0.81
1571330359,0.135071977973,0.8,0.161571219563,0.79
1571330359,0.0838845670223,0.89,0.170871958137,0.73
1571330359,0.115508250892,0.84,0.198696985841,0.68
1571330360,0.108027406037,0.83,0.20046518743,0.7
1571330360,0.104315936565,0.85,0.19478367269,0.72
1571330360,0.11364569515,0.85,0.14824539423,0.79
1571330360,0.135516762733,0.79,0.166277170181,0.74
1571330360,0.0935397595167,0.88,0.15725286305,0.8
1571330360,0.109675861895,0.87,0.159640446305,0.74
1571330361,0.0902269333601,0.88,0.147889912128,0.82
1571330361,0.0986900180578,0.88,0.216910228133,0.7
1571330361,0.168620631099,0.78,0.186695888638,0.73
1571330361,0.101034015417,0.87,0.158354774117,0.8
1571330361,0.131503671408,0.82,0.236471027136,0.67
1571330361,0.10217666626,0.85,0.128798156977,0.8
1571330362,0.133329883218,0.85,0.178049370646,0.71
1571330362,0.106344379485,0.85,0.198672115803,0.75
1571330362,0.11238668859,0.86,0.15413095057,0.77
1571330362,0.101806871593,0.85,0.152647823095,0.78
1571330362,0.12118011713,0.84,0.234033465385,0.63
1571330362,0.14439484477,0.8,0.195690244436,0.72
1571330363,0.0918611064553,0.89,0.182846471667,0.72
1571330363,0.136824563146,0.83,0.146013632417,0.8
1571330363,0.0709142833948,0.92,0.208453685045,0.72
1571330364,0.121353015304,0.84,0.145998477936,0.8
1571330364,0.141226649284,0.81,0.138211369514,0.8
1571330364,0.108242370188,0.85,0.146755501628,0.79
1571330364,0.107472665608,0.84,0.199928209186,0.73
1571330364,0.101907946169,0.86,0.177405804396,0.76
1571330365,0.120646357536,0.87,0.158335983753,0.82
1571330365,0.117905072868,0.85,0.161118939519,0.76
1571330365,0.114715568721,0.83,0.189892917871,0.72
1571330365,0.120121911168,0.84,0.168338805437,0.8
1571330365,0.111100822687,0.85,0.162939861417,0.72
1571330365,0.154887452722,0.77,0.154494926333,0.76
1571330366,0.101576253772,0.86,0.187919065356,0.71
1571330366,0.101691663265,0.84,0.170231714845,0.72
1571330366,0.118415735662,0.81,0.189360305667,0.75
1571330366,0.121292255819,0.84,0.139772370458,0.82
1571330366,0.110576480627,0.83,0.145192548633,0.81
1571330366,0.0995182991028,0.89,0.178818747401,0.75
1571330367,0.0890196710825,0.88,0.150507599115,0.81
1571330367,0.105650313199,0.88,0.196992442012,0.74
1571330368,0.100981019437,0.88,0.166196107864,0.77
1571330368,0.110539317131,0.86,0.138674944639,0.75
1571330368,0.0958448126912,0.84,0.197962701321,0.72
1571330368,0.128579512239,0.83,0.141746327281,0.82
1571330368,0.156725272536,0.79,0.135833337903,0.8
1571330368,0.123139172792,0.82,0.160755261779,0.78
1571330369,0.115729682148,0.83,0.159377470613,0.73
1571330369,0.120259173214,0.86,0.183142572641,0.75
1571330369,0.145651370287,0.83,0.131921201944,0.78
1571330369,0.110604204237,0.83,0.206801846623,0.68
1571330369,0.0888380333781,0.89,0.190056890249,0.71
1571330369,0.129609555006,0.82,0.178099051118,0.73
1571330370,0.088604465127,0.89,0.158361330628,0.78
1571330370,0.101956732571,0.85,0.152484372258,0.79
1571330370,0.0972848236561,0.86,0.183459952474,0.72
1571330370,0.0881507694721,0.85,0.147437900305,0.78
1571330370,0.0856158435345,0.9,0.198965534568,0.72
1571330370,0.167700976133,0.76,0.16823554039,0.74
1571330371,0.112742573023,0.87,0.186598554254,0.73
1571330371,0.104186616838,0.86,0.137838408351,0.83
1571330371,0.148101866245,0.8,0.156592264771,0.78
1571330372,0.111584849656,0.88,0.206697851419,0.73
1571330372,0.108219906688,0.84,0.171747207642,0.75
1571330372,0.135872766376,0.82,0.151372864842,0.78
1571330372,0.156751051545,0.81,0.165315404534,0.82
1571330372,0.0692161992192,0.92,0.206808298826,0.73
1571330372,0.133522227407,0.86,0.128678098321,0.84
1571330373,0.11985937506,0.87,0.182539746165,0.76
1571330373,0.127834632993,0.82,0.186968430877,0.74
1571330373,0.125615656376,0.84,0.166087388992,0.76
1571330373,0.0787315294147,0.89,0.172151118517,0.76
1571330373,0.139764159918,0.81,0.190024808049,0.69
1571330373,0.116495206952,0.85,0.159311845899,0.78
1571330374,0.119380407035,0.81,0.155130386353,0.78
1571330374,0.122801274061,0.79,0.138394549489,0.79
1571330374,0.0978160426021,0.85,0.161466151476,0.8
1571330374,0.142266154289,0.81,0.133884772658,0.83
1571330374,0.124553754926,0.84,0.18030013144,0.73
1571330374,0.127517640591,0.83,0.164626345038,0.74
1571330375,0.0784863233566,0.9,0.194514229894,0.73
1571330375,0.0920554697514,0.87,0.218022421002,0.7
1571330375,0.126881420612,0.8,0.181635692716,0.73
1571330375,0.101234324276,0.85,0.174405604601,0.75
1571330375,0.128210157156,0.84,0.172260046005,0.77
1571330375,0.131277963519,0.84,0.170523166656,0.76
1571330375,0.0795248821378,0.91,0.188409373164,0.71
1571330376,0.130018875003,0.8,0.193144366145,0.75
1571330376,0.107693858445,0.87,0.168415427208,0.74
1571330376,0.149870768189,0.81,0.127588152885,0.81
1571330376,0.148181974888,0.8,0.157766222954,0.83
1571330376,0.133975252509,0.81,0.166406169534,0.78
1571330376,0.120885446668,0.86,0.161597505212,0.76
1571330376,0.150453090668,0.76,0.193304553628,0.72
1571330377,0.092874340713,0.85,0.166132718325,0.77
1571330377,0.116278931499,0.82,0.154988840222,0.76
1571330377,0.142176046968,0.8,0.14523024857,0.77
1571330377,0.110317610204,0.85,0.175292536616,0.75
1571330377,0.0940776318312,0.91,0.131496399641,0.8
1571330377,0.106223069131,0.85,0.136905387044,0.81
1571330378,0.12199934572,0.82,0.147367119789,0.78
1571330378,0.0981524139643,0.88,0.162720695138,0.76
1571330378,0.136005207896,0.82,0.195524722338,0.7
1571330378,0.0938383042812,0.9,0.21677018702,0.72
1571330378,0.124013274908,0.81,0.166028469801,0.75
1571330378,0.0894953608513,0.9,0.148325234652,0.77
1571330378,0.12390036881,0.83,0.19146373868,0.73
1571330379,0.128992557526,0.78,0.182848975062,0.72
1571330379,0.0962238460779,0.87,0.167367592454,0.76
1571330379,0.125753715634,0.81,0.156426951289,0.78
1571330379,0.10424079746,0.86,0.137388855219,0.8
1571330379,0.12309692055,0.83,0.167683765292,0.77
1571330379,0.104209527373,0.89,0.200895220041,0.68
1571330379,0.107700936496,0.89,0.152427643538,0.79
1571330380,0.179989352822,0.71,0.215305387974,0.67
1571330380,0.0678324848413,0.93,0.187544330955,0.69
1571330380,0.103472150862,0.87,0.171897858381,0.77
1571330380,0.115301288664,0.84,0.201679617167,0.72
1571330380,0.100377887487,0.88,0.110480464995,0.82
1571330380,0.112798497081,0.86,0.183242529631,0.73
1571330381,0.123861089349,0.84,0.18095394969,0.76
1571330381,0.125399053097,0.82,0.161875233054,0.78
1571330381,0.121190659702,0.78,0.211706995964,0.66
1571330381,0.149216815829,0.81,0.13530048728,0.82
1571330381,0.069543376565,0.91,0.102034002542,0.84
1571330381,0.0761191919446,0.92,0.155639544129,0.76
1571330382,0.126285165548,0.81,0.152538493276,0.8
1571330382,0.143176689744,0.79,0.135518997908,0.8
1571330382,0.0909895971417,0.93,0.176159322262,0.76
1571330383,0.111057475209,0.84,0.166055396199,0.8
1571330383,0.124835364521,0.81,0.169526576996,0.76
1571330383,0.114114202559,0.85,0.133379667997,0.81
1571330383,0.148902773857,0.78,0.178553491831,0.76
1571330384,0.110942684114,0.86,0.191253721714,0.7
1571330384,0.116292238235,0.85,0.180959939957,0.74
1571330384,0.104670166969,0.85,0.15524224937,0.81
1571330384,0.0937187820673,0.88,0.183938533068,0.73
1571330384,0.113767772913,0.86,0.183647230268,0.75
1571330384,0.120307542384,0.8,0.229094386101,0.67
1571330385,0.105845049024,0.88,0.188390135765,0.73
1571330385,0.086520023644,0.89,0.151075750589,0.81
1571330385,0.119186915457,0.82,0.186285227537,0.73
1571330385,0.118981584907,0.83,0.159088850021,0.78
1571330385,0.155721366405,0.81,0.172552198172,0.72
1571330385,0.0767906457186,0.89,0.112111330032,0.85
1571330386,0.10410901159,0.87,0.19571608305,0.73
1571330386,0.0851877704263,0.89,0.133367225528,0.8
1571330386,0.106279291213,0.84,0.151965096593,0.79
1571330386,0.0771958902478,0.94,0.157611608505,0.79
1571330386,0.102034851909,0.88,0.159711062908,0.78
1571330386,0.0841761380434,0.92,0.156279042363,0.79
1571330387,0.101504579186,0.88,0.201648056507,0.74
1571330387,0.147369846702,0.77,0.171372666955,0.76
1571330387,0.101166665554,0.84,0.170300722122,0.75
1571330387,0.0959247648716,0.89,0.148960068822,0.79
1571330387,0.124430768192,0.78,0.180191859603,0.73
1571330388,0.087618611753,0.88,0.135708659887,0.8
1571330388,0.113945379853,0.86,0.14427138865,0.8
1571330389,0.11168935895,0.87,0.205400720239,0.68
1571330389,0.087185703218,0.88,0.163094177842,0.8
1571330390,0.0992423146963,0.86,0.150652363896,0.79
1571330390,0.081305578351,0.89,0.163032844663,0.74
1571330390,0.088885165751,0.9,0.173599869013,0.77
1571330390,0.103387147188,0.86,0.188636273146,0.73
1571330390,0.125194340944,0.81,0.15725633502,0.77
1571330390,0.111807927489,0.83,0.149024263024,0.78
1571330391,0.110221989453,0.82,0.124679885805,0.83
1571330391,0.108797363937,0.87,0.20839188993,0.7
1571330392,0.125754028559,0.84,0.185305312276,0.75
1571330392,0.0993042513728,0.86,0.143084481359,0.83
1571330392,0.0952441319823,0.88,0.136287212372,0.8
1571330392,0.0973436832428,0.89,0.171904206276,0.74
1571330392,0.0917116850615,0.9,0.171606183052,0.75
1571330393,0.113488063216,0.86,0.183903068304,0.78
1571330393,0.0985752567649,0.89,0.204763621092,0.76
1571330393,0.123979687691,0.83,0.181587561965,0.73
1571330393,0.119653984904,0.87,0.171560674906,0.76
1571330393,0.0948616117239,0.88,0.177467852831,0.76
1571330393,0.104429893196,0.82,0.114325992763,0.85
1571330394,0.110079035163,0.84,0.131681203842,0.85
1571330394,0.147604629397,0.79,0.196378424764,0.71
1571330394,0.0957865193486,0.84,0.219794034958,0.69
1571330394,0.108340539038,0.83,0.133834913373,0.81
1571330395,0.0880760550499,0.87,0.133879497647,0.83
1571330395,0.112406589091,0.83,0.145925849676,0.79
1571330395,0.137321636081,0.83,0.181688174605,0.75
1571330395,0.136013418436,0.83,0.173166289926,0.74
1571330396,0.0966186821461,0.87,0.185967773199,0.71
1571330396,0.0906074717641,0.87,0.22010114789,0.66
1571330397,0.0931394323707,0.86,0.213815376163,0.72
1571330397,0.0922090932727,0.86,0.161893650889,0.76
1571330397,0.111648008227,0.87,0.189811781049,0.76
1571330397,0.0956649407744,0.86,0.2026784271,0.71
1571330397,0.139024779201,0.79,0.138765260577,0.81
1571330397,0.0695558786392,0.93,0.176312878728,0.78
1571330398,0.0722000449896,0.91,0.200539186597,0.69
1571330398,0.104628257453,0.85,0.20785087347,0.68
1571330398,0.115073300898,0.83,0.128957539797,0.83
1571330399,0.0847034603357,0.87,0.144646450877,0.77
1571330399,0.109687171876,0.86,0.189650014043,0.73
1571330399,0.103140756488,0.83,0.183271229267,0.74
1571330399,0.0799667686224,0.89,0.205428034067,0.71
1571330399,0.101170480251,0.85,0.186193183064,0.71
1571330400,0.106837622821,0.85,0.111676774919,0.81
1571330400,0.105178356171,0.87,0.181324467063,0.74
1571330400,0.10296164453,0.85,0.145162731409,0.79
1571330400,0.0969873666763,0.89,0.180618271232,0.74
1571330400,0.0932933166623,0.88,0.143608465791,0.81
1571330400,0.0739707127213,0.93,0.160550683737,0.78
1571330401,0.11174993962,0.86,0.176206722856,0.77
1571330401,0.119698062539,0.84,0.151888757944,0.8
1571330401,0.169883742929,0.78,0.179694265127,0.77
1571330401,0.0969431325793,0.88,0.161257892847,0.76
1571330401,0.0964658930898,0.89,0.153803050518,0.76
1571330401,0.117303058505,0.83,0.216445550323,0.72
1571330401,0.110500566661,0.83,0.187747389078,0.77
1571330402,0.121939823031,0.84,0.148465558887,0.76
1571330402,0.117729261518,0.85,0.120364904404,0.83
1571330402,0.0806645527482,0.9,0.187675714493,0.74
1571330402,0.105794124305,0.82,0.193068355322,0.76
1571330402,0.0991260334849,0.85,0.188479200006,0.73
1571330402,0.104574538767,0.86,0.213544800878,0.68
1571330402,0.0629963800311,0.903846153846,0.112286567688,0.83
1571330403,0.113962806761,0.85,0.174096331,0.77
1571330403,0.0621843673289,0.93,0.131487712264,0.81
1571330403,0.121106550097,0.84,0.235012531281,0.67
1571330404,0.108103662729,0.87,0.175234735012,0.76
1571330404,0.114726744592,0.85,0.174028262496,0.75
1571330404,0.08619402349,0.88,0.170153141022,0.74
1571330404,0.11530110985,0.87,0.199713975191,0.72
1571330405,0.0737702548504,0.9,0.245918363333,0.66
1571330405,0.126921221614,0.81,0.202149927616,0.76
1571330405,0.130155995488,0.82,0.149655938148,0.76
1571330405,0.0967639237642,0.89,0.182039797306,0.74
1571330405,0.170959174633,0.77,0.226282313466,0.69
1571330405,0.100556641817,0.86,0.251948028803,0.64
1571330405,0.102119296789,0.88,0.233261302114,0.7
1571330406,0.105770558119,0.86,0.217836305499,0.66
1571330406,0.110224023461,0.87,0.188763543963,0.74
1571330406,0.102066844702,0.86,0.155331835151,0.8
1571330406,0.0919203981757,0.91,0.184664711356,0.72
1571330406,0.12251585722,0.83,0.188142493367,0.7
1571330406,0.114732943475,0.86,0.177600622177,0.76
1571330407,0.135159566998,0.83,0.188657790422,0.76
1571330407,0.0955124348402,0.86,0.164623618126,0.77
1571330407,0.161562263966,0.78,0.147530838847,0.77
1571330407,0.111142724752,0.84,0.212175697088,0.71
1571330407,0.119546346366,0.83,0.175607934594,0.77
1571330407,0.109811402857,0.85,0.159242063761,0.79
1571330408,0.117644608021,0.84,0.185760483146,0.75
1571330408,0.127213388681,0.81,0.154697954655,0.78
1571330409,0.155166298151,0.75,0.198471620679,0.72
1571330409,0.0950611159205,0.88,0.191101416945,0.71
1571330409,0.107794597745,0.89,0.17715460062,0.74
1571330409,0.10010304302,0.87,0.165776386857,0.78
1571330409,0.119950413704,0.83,0.211725085974,0.69
1571330409,0.125707581639,0.8,0.156388416886,0.78
1571330410,0.149976089597,0.79,0.151388555765,0.77
1571330410,0.0985317602754,0.87,0.214880645275,0.71
1571330410,0.074824668467,0.91,0.166291087866,0.74
1571330410,0.17247132957,0.72,0.161946922541,0.77
1571330410,0.10133907944,0.86,0.167214676738,0.75
1571330410,0.105674244463,0.86,0.202977970243,0.73
1571330411,0.100488811731,0.83,0.150219172239,0.78
1571330411,0.109011173248,0.85,0.159341737628,0.77
1571330411,0.108700208366,0.84,0.163900569081,0.77
1571330411,0.0735826194286,0.91,0.117081344128,0.85
1571330411,0.1009407565,0.88,0.164278805256,0.78
1571330411,0.0709689483047,0.93,0.213408127427,0.69
1571330412,0.122633226216,0.83,0.165794238448,0.74
1571330412,0.145766794682,0.78,0.152365848422,0.8
1571330412,0.121256202459,0.83,0.144055277109,0.81
1571330413,0.106572076678,0.86,0.176472321153,0.77
1571330413,0.121568351984,0.83,0.165059506893,0.78
1571330413,0.145425707102,0.81,0.158222422004,0.77
1571330414,0.103173993528,0.87,0.159313723445,0.78
1571330414,0.0920577272773,0.88,0.150732368231,0.77
1571330414,0.127993419766,0.83,0.153341650963,0.75
1571330414,0.0952836498618,0.87,0.158381447196,0.77
1571330415,0.0980889350176,0.85,0.158290103078,0.76
1571330415,0.0991762205958,0.86,0.16996961832,0.73
1571330415,0.0712460577488,0.94,0.17550572753,0.76
1571330415,0.0985056608915,0.85,0.182727187872,0.74
1571330415,0.149337112904,0.78,0.182620033622,0.73
1571330415,0.0925216898322,0.91,0.196668148041,0.73
1571330416,0.12325322628,0.83,0.150009185076,0.79
1571330416,0.137174621224,0.8,0.168714597821,0.77
1571330416,0.107470914721,0.84,0.18021287024,0.75
1571330417,0.109935931861,0.81,0.189029529691,0.75
1571330417,0.129525527358,0.81,0.124665267766,0.83
1571330417,0.130384817719,0.83,0.174987718463,0.76
1571330417,0.104959502816,0.85,0.169493019581,0.78
1571330417,0.111286871135,0.84,0.151004835963,0.8
1571330418,0.136131122708,0.8,0.202304854989,0.71
1571330418,0.133235216141,0.82,0.190953239799,0.71
1571330418,0.164128437638,0.73,0.168921098113,0.78
1571330418,0.0767499729991,0.92,0.180158153176,0.75
1571330418,0.117135457695,0.85,0.148900091648,0.83
1571330418,0.103822916746,0.87,0.185459449887,0.71
1571330418,0.136578813195,0.75,0.197585895658,0.74
1571330419,0.125215947628,0.82,0.159994468093,0.78
1571330419,0.117713823915,0.84,0.159574598074,0.78
1571330419,0.116308875382,0.84,0.10826343298,0.85
1571330419,0.135446593165,0.81,0.181367561221,0.74
1571330419,0.116825476289,0.86,0.131028056145,0.78
1571330419,0.109194681048,0.85,0.135392233729,0.82
1571330420,0.105207905173,0.86,0.124110884964,0.83
1571330420,0.105009838939,0.86,0.177313640714,0.72
1571330421,0.0781841054559,0.92,0.160460501909,0.79
1571330421,0.139260783792,0.85,0.162216171622,0.78
1571330421,0.130355998874,0.81,0.196421921253,0.77
1571330421,0.0965032577515,0.84,0.18118686974,0.72
1571330421,0.107993848622,0.86,0.144522637129,0.8
1571330421,0.0960289463401,0.87,0.182099148631,0.76
1571330422,0.124614037573,0.83,0.160598024726,0.78
1571330422,0.119826994836,0.84,0.174188643694,0.75
1571330422,0.109352722764,0.85,0.198034271598,0.69
1571330422,0.116014882922,0.89,0.152102649212,0.79
1571330422,0.141537114978,0.82,0.15890160203,0.77
1571330423,0.0904693379998,0.88,0.159874811769,0.75
1571330423,0.101054616272,0.87,0.175955086946,0.75
1571330423,0.134332343936,0.82,0.155301302671,0.76
1571330424,0.0903712287545,0.86,0.156872823834,0.76
1571330424,0.109440609813,0.84,0.137962788343,0.81
1571330424,0.0813307464123,0.89,0.194725722075,0.7
1571330424,0.112159825861,0.84,0.144632101059,0.76
1571330424,0.0797491744161,0.92,0.193694457412,0.74
1571330424,0.126705542207,0.84,0.236684992909,0.64
1571330425,0.0830307006836,0.89,0.110475622118,0.86
1571330425,0.113416694105,0.85,0.217108756304,0.68
1571330425,0.0906389281154,0.92,0.161882191896,0.77
1571330425,0.132250860333,0.8,0.167545586824,0.78
1571330425,0.118771336973,0.81,0.164127260447,0.75
1571330425,0.0743044018745,0.9,0.180336520076,0.75
1571330426,0.112874545157,0.83,0.177440822124,0.73
1571330426,0.0969986319542,0.87,0.153123527765,0.79
1571330426,0.111684963107,0.84,0.182057648897,0.78
1571330426,0.0932071059942,0.91,0.180992692709,0.71
1571330426,0.102282911539,0.87,0.184537157416,0.71
1571330426,0.16067199409,0.77,0.168244302273,0.76
1571330426,0.0668894574046,0.91,0.173353135586,0.73
1571330427,0.104685246944,0.89,0.135938361287,0.8
1571330427,0.111424133182,0.86,0.171463280916,0.75
1571330427,0.0920124724507,0.87,0.167027547956,0.78
1571330427,0.09218993783,0.91,0.201935723424,0.72
1571330427,0.125965774059,0.84,0.207595735788,0.72
1571330427,0.114331610501,0.8,0.133189812303,0.84
1571330428,0.0986148267984,0.86,0.145918250084,0.8
1571330428,0.119916789234,0.85,0.112882345915,0.86
1571330428,0.071160800755,0.92,0.151020482183,0.78
1571330428,0.065264351666,0.93,0.168846875429,0.79
1571330428,0.100247733295,0.87,0.160863921046,0.77
1571330428,0.108881361783,0.88,0.190726354718,0.76
1571330429,0.0975251272321,0.86,0.182452619076,0.73
1571330429,0.128710493445,0.81,0.10860799253,0.87
1571330429,0.1101205796,0.85,0.176904678345,0.76
1571330429,0.0927767679095,0.9,0.215980648994,0.7
1571330429,0.140207931399,0.81,0.163216605783,0.8
1571330429,0.136955156922,0.82,0.171187594533,0.77
1571330429,0.10178129375,0.85,0.210203409195,0.72
1571330430,0.0907857716084,0.85,0.212046951056,0.69
1571330430,0.0832592099905,0.89,0.213790893555,0.68
1571330430,0.116785176098,0.82,0.168127179146,0.76
1571330430,0.101123191416,0.86,0.198395103216,0.74
1571330430,0.116895496845,0.84,0.178070828319,0.75
1571330430,0.0811807736754,0.91,0.160417050123,0.79
1571330430,0.107296943665,0.86,0.23756749928,0.69
1571330431,0.132763683796,0.8,0.161020770669,0.79
1571330431,0.136305719614,0.82,0.205100879073,0.75
1571330431,0.0872575715184,0.89,0.136062145233,0.83
1571330431,0.08929926157,0.89,0.182992652059,0.72
1571330431,0.0847459286451,0.88,0.194034874439,0.73
1571330431,0.109470546246,0.88,0.167161032557,0.77
1571330432,0.0999810695648,0.88,0.184925436974,0.7
1571330432,0.0998088866472,0.88,0.187465533614,0.76
1571330432,0.0683308839798,0.93,0.143999651074,0.81
1571330432,0.09098611027,0.87,0.211022600532,0.73
1571330432,0.134703069925,0.83,0.179599940777,0.75
1571330432,0.110571280122,0.84,0.154766455293,0.79
1571330432,0.120165258646,0.83,0.204499810934,0.74
1571330433,0.106104545295,0.83,0.143868207932,0.78
1571330433,0.0985302329063,0.88,0.186189681292,0.7
1571330433,0.129336714745,0.82,0.145636484027,0.81
1571330433,0.125105619431,0.83,0.213684350252,0.71
1571330433,0.139758780599,0.8,0.144680187106,0.78
1571330433,0.085667617619,0.89,0.122038118541,0.84
1571330434,0.0916314125061,0.89,0.158448338509,0.71
1571330434,0.0832565501332,0.91,0.206029847264,0.68
1571330434,0.122623682022,0.82,0.159690722823,0.76
1571330434,0.10702406615,0.86,0.161813825369,0.8
1571330434,0.103003129363,0.85,0.165449693799,0.76
1571330434,0.0952727198601,0.84,0.196070462465,0.71
1571330434,0.090973764658,0.9,0.159154564142,0.77
1571330435,0.109848037362,0.86,0.1932272017,0.73
1571330435,0.0937383472919,0.86,0.176621600986,0.71
1571330435,0.0989140123129,0.86,0.155191764235,0.78
1571330435,0.0866306871176,0.86,0.186559170485,0.75
1571330435,0.104247115552,0.85,0.183924511075,0.73
1571330435,0.116591639817,0.84,0.146262809634,0.8
1571330435,0.0913099125028,0.9,0.180387675762,0.74
1571330436,0.116264462471,0.87,0.144615963101,0.79
1571330436,0.108898714185,0.86,0.141069173813,0.79
1571330436,0.0696486607194,0.9,0.195769757032,0.73
1571330436,0.118937805295,0.83,0.167960688472,0.75
1571330436,0.0859109014273,0.9,0.160631224513,0.76
1571330436,0.121020674706,0.86,0.159935310483,0.79
1571330437,0.0808490738273,0.92,0.182493329048,0.75
1571330437,0.0788243114948,0.89,0.195425450802,0.72
1571330437,0.0704721808434,0.94,0.173821538687,0.78
1571330437,0.100149609149,0.86,0.169084176421,0.8
1571330437,0.132284447551,0.82,0.154629856348,0.8
1571330437,0.0994571894407,0.85,0.154084473848,0.79
1571330437,0.0905251726508,0.89,0.169984340668,0.76
1571330438,0.0912366881967,0.86,0.149740517139,0.8
1571330438,0.0909687429667,0.87,0.198641255498,0.75
1571330438,0.104311205447,0.85,0.169890239835,0.78
1571330438,0.125471532345,0.83,0.139856740832,0.86
1571330438,0.0931646451354,0.85,0.196159154177,0.72
1571330438,0.101393289864,0.87,0.141197651625,0.83
1571330438,0.0832203030586,0.89,0.144301369786,0.8
1571330439,0.0964258536696,0.85,0.219371452928,0.7
1571330439,0.133970305324,0.8,0.186893329024,0.77
1571330439,0.0809224545956,0.9,0.111193694174,0.86
1571330439,0.0734409093857,0.91,0.131511643529,0.83
1571330439,0.106005050242,0.86,0.150899410248,0.79
1571330439,0.0887806639075,0.89,0.136900305748,0.81
1571330440,0.0854182317853,0.89,0.132281273603,0.79
1571330440,0.0888236314058,0.88,0.174225971103,0.78
1571330440,0.109716832638,0.86,0.171838328242,0.76
1571330440,0.125708669424,0.8,0.145375162363,0.8
1571330440,0.0886844843626,0.88,0.184888675809,0.73
1571330440,0.0799846053123,0.87,0.158655524254,0.77
1571330441,0.0737565159798,0.89,0.135356858373,0.84
1571330441,0.0629023239017,0.91,0.118391618133,0.86
1571330441,0.100896082819,0.87,0.176273420453,0.75
1571330441,0.100456185639,0.87,0.162554994226,0.79
1571330441,0.127848267555,0.85,0.171037986875,0.73
1571330441,0.0716484710574,0.89,0.202712669969,0.71
1571330442,0.0955245420337,0.89,0.207476615906,0.7
1571330442,0.0902690514922,0.87,0.153955280781,0.79
1571330442,0.0944453850389,0.89,0.135273307562,0.79
1571330442,0.0934014618397,0.89,0.251864016056,0.66
1571330442,0.114948809147,0.87,0.172906368971,0.78
1571330442,0.0902202799916,0.87,0.177106097341,0.77
1571330442,0.121028900146,0.78,0.151020616293,0.78
1571330443,0.0718627348542,0.88,0.186135679483,0.73
1571330443,0.0775336846709,0.89,0.216907352209,0.7
1571330443,0.062089882791,0.923076923077,0.209480062127,0.72
